0	-5e-08	0
0	-4.98046252e-08	-2.64948131e-09
0	-4.98046252e-08	2.64948131e-09
2.68138142e-09	-4.99280502e-08	0
-2.68138142e-09	-4.99280502e-08	0
4.65939149e-09	-4.96193182e-08	-2.41594689e-09
-4.65939149e-09	-4.96193182e-08	2.41594689e-09
0	-4.92303367e-08	-5.24353125e-09
0	-4.92303367e-08	5.24353125e-09
5.35702925e-09	-4.97121941e-08	0
-5.35702925e-09	-4.97121941e-08	0
-5.35919011e-09	-4.95550025e-08	-2.36835162e-09
5.35919011e-09	-4.95550025e-08	2.36835162e-09
0	-4.83090789e-08	-7.73588014e-09
0	-4.83090789e-08	7.73588014e-09
8.01918464e-09	-4.93527373e-08	0
-8.01918464e-09	-4.93527373e-08	0
7.74040197e-09	-4.92317177e-08	-2.42418919e-09
-7.74040197e-09	-4.92317177e-08	2.42418919e-09
-3.28593853e-09	-4.82968228e-08	-7.50886324e-09
3.28593853e-09	-4.82968228e-08	7.50886324e-09
-8.34336908e-09	-4.91452784e-08	-2.33382295e-09
8.34336908e-09	-4.91452784e-08	2.33382295e-09
-7.4015556e-09	-4.87431117e-08	-4.99573557e-09
7.4015556e-09	-4.87431117e-08	4.99573557e-09
5.421139e-09	-4.81686573e-08	-7.35805777e-09
-5.421139e-09	-4.81686573e-08	7.35805777e-09
7.99028328e-09	-4.8617636e-08	-5.10814073e-09
-7.99028328e-09	-4.8617636e-08	5.10814073e-09
0	-4.7084512e-08	-1.00944313e-08
0	-4.7084512e-08	1.00944313e-08
1.06600998e-08	-4.88504071e-08	0
-1.06600998e-08	-4.88504071e-08	0
1.05645277e-08	-4.87099645e-08	-2.37967236e-09
-1.05645277e-08	-4.87099645e-08	2.37967236e-09
-1.11094969e-08	-4.86035374e-08	-2.26695445e-09
1.11094969e-08	-4.86035374e-08	2.26695445e-09
5.48331963e-09	-4.6899542e-08	-9.86568907e-09
-5.48331963e-09	-4.6899542e-08	9.86568907e-09
-4.77269069e-09	-4.67646259e-08	-1.02227602e-08
4.77269069e-09	-4.67646259e-08	1.02227602e-08
-8.61968129e-09	-4.69304144e-08	-8.96467669e-09
8.61968129e-09	-4.69304144e-08	8.96467669e-09
0	-4.56033301e-08	-1.23012626e-08
0	-4.56033301e-08	1.23012626e-08
1.32720612e-08	-4.82063522e-08	0
-1.32720612e-08	-4.82063522e-08	0
1.04047579e-08	-4.69878309e-08	-8.13624689e-09
-1.04047579e-08	-4.69878309e-08	8.13624689e-09
1.32538602e-08	-4.80549888e-08	-2.32791074e-09
-1.32538602e-08	-4.80549888e-08	2.32791074e-09
-1.29700009e-08	-4.76604547e-08	-4.65764393e-09
1.29700009e-08	-4.76604547e-08	4.65764393e-09
-1.37560838e-08	-4.7930695e-08	-2.19788767e-09
1.37560838e-08	-4.7930695e-08	2.19788767e-09
5.47442664e-09	-4.53878189e-08	-1.21487265e-08
-5.47442664e-09	-4.53878189e-08	1.21487265e-08
-4.77321474e-09	-4.52133783e-08	-1.24847132e-08
4.77321474e-09	-4.52133783e-08	1.24847132e-08
-1.25026651e-08	-4.68853837e-08	-7.2360138e-09
1.25026651e-08	-4.68853837e-08	7.2360138e-09
1.39843178e-08	-4.72496149e-08	-5.08808316e-09
-1.39843178e-08	-4.72496149e-08	5.08808316e-09
0	-4.39092916e-08	-1.43495881e-08
0	-4.39092916e-08	1.43495881e-08
-9.312217e-09	-4.51524037e-08	-1.16118689e-08
9.312217e-09	-4.51524037e-08	1.16118689e-08
1.58474125e-08	-4.74221416e-08	0
-1.58474125e-08	-4.74221416e-08	0
1.58527481e-08	-4.72681284e-08	-2.27797956e-09
-1.58527481e-08	-4.72681284e-08	2.27797956e-09
5.11405784e-09	-4.37451591e-08	-1.42012214e-08
-5.11405784e-09	-4.37451591e-08	1.42012214e-08
1.10865046e-08	-4.51075337e-08	-1.11024293e-08
-1.10865046e-08	-4.51075337e-08	1.11024293e-08
-4.66683271e-09	-4.34900417e-08	-1.45348306e-08
4.66683271e-09	-4.34900417e-08	1.45348306e-08
-1.63190739e-08	-4.71280724e-08	-2.132544e-09
1.63190739e-08	-4.71280724e-08	2.132544e-09
-1.36628705e-08	-4.50138761e-08	-1.01660068e-08
1.36628705e-08	-4.50138761e-08	1.01660068e-08
0	-4.20403892e-08	-1.62400137e-08
0	-4.20403892e-08	1.62400137e-08
-9.66458011e-09	-4.29280176e-08	-1.42464462e-08
9.66458011e-09	-4.29280176e-08	1.42464462e-08
4.79531065e-09	-4.19405132e-08	-1.60772947e-08
-4.79531065e-09	-4.19405132e-08	1.60772947e-08
1.83785781e-08	-4.6499762e-08	0
-1.83785781e-08	-4.6499762e-08	0
1.5819356e-08	-4.51275278e-08	-8.76193558e-09
-1.5819356e-08	-4.51275278e-08	8.76193558e-09
-4.32617144e-09	-4.1684252e-08	-1.63625993e-08
4.32617144e-09	-4.1684252e-08	1.63625993e-08
1.83776201e-08	-4.63511252e-08	-2.2318281e-09
-1.83776201e-08	-4.63511252e-08	2.2318281e-09
-1.88115806e-08	-4.61973929e-08	-2.07198359e-09
1.88115806e-08	-4.61973929e-08	2.07198359e-09
-1.82427748e-08	-4.586108e-08	-4.79859391e-09
1.82427748e-08	-4.586108e-08	4.79859391e-09
-1.73976329e-08	-4.48642526e-08	-8.150315e-09
1.73976329e-08	-4.48642526e-08	8.150315e-09
-1.41986522e-08	-4.2834568e-08	-1.29187964e-08
1.41986522e-08	-4.2834568e-08	1.29187964e-08
0	-4.00282195e-08	-1.79774023e-08
0	-4.00282195e-08	1.79774023e-08
1.06865862e-08	-4.14143541e-08	-1.55381252e-08
-1.06865862e-08	-4.14143541e-08	1.55381252e-08
4.51869216e-09	-4.00008291e-08	-1.77939718e-08
-4.51869216e-09	-4.00008291e-08	1.77939718e-08
-9.41433084e-09	-4.09041077e-08	-1.63021705e-08
9.41433084e-09	-4.09041077e-08	1.63021705e-08
1.9651911e-08	-4.5124336e-08	-5.28533921e-09
-1.9651911e-08	-4.5124336e-08	5.28533921e-09
-4.03282488e-09	-3.97482194e-08	-1.80381134e-08
4.03282488e-09	-3.97482194e-08	1.80381134e-08
2.08580859e-08	-4.54416137e-08	0
-2.08580859e-08	-4.54416137e-08	0
2.08335411e-08	-4.53061206e-08	-2.18971227e-09
-2.08335411e-08	-4.53061206e-08	2.18971227e-09
1.66570143e-08	-4.27644651e-08	-1.19057963e-08
-1.66570143e-08	-4.27644651e-08	1.19057963e-08
-2.1237211e-08	-4.51407766e-08	-2.01613906e-09
2.1237211e-08	-4.51407766e-08	2.01613906e-09
-1.84721239e-08	-4.25678901e-08	-1.11728212e-08
1.84721239e-08	-4.25678901e-08	1.11728212e-08
0	-3.7898484e-08	-1.95686936e-08
0	-3.7898484e-08	1.95686936e-08
4.28113202e-09	-3.79486177e-08	-1.93640583e-08
-4.28113202e-09	-3.79486177e-08	1.93640583e-08
-1.44454002e-08	-4.01964711e-08	-1.55950853e-08
1.44454002e-08	-4.01964711e-08	1.55950853e-08
-3.78198643e-09	-3.77031485e-08	-1.95729635e-08
3.78198643e-09	-3.77031485e-08	1.95729635e-08
9.5825412e-09	-3.86483676e-08	-1.81442082e-08
-9.5825412e-09	-3.86483676e-08	1.81442082e-08
2.32785901e-08	-4.42505056e-08	0
-2.32785901e-08	-4.42505056e-08	0
2.32203925e-08	-4.41356494e-08	-2.15146853e-09
-2.32203925e-08	-4.41356494e-08	2.15146853e-09
-2.31222279e-08	-4.36657726e-08	-4.59550172e-09
2.31222279e-08	-4.36657726e-08	4.59550172e-09
-2.35951591e-08	-4.39607339e-08	-1.96469934e-09
2.35951591e-08	-4.39607339e-08	1.96469934e-09
-2.19769624e-08	-4.23895342e-08	-8.90227976e-09
2.19769624e-08	-4.23895342e-08	8.90227976e-09
-8.77058355e-09	-3.68961936e-08	-1.95506827e-08
8.77058355e-09	-3.68961936e-08	1.95506827e-08
0	-3.56719017e-08	-2.10215498e-08
0	-3.56719017e-08	2.10215498e-08
4.07845825e-09	-3.5802486e-08	-2.0798013e-08
-4.07845825e-09	-3.5802486e-08	2.0798013e-08
-1.90255872e-08	-3.99390642e-08	-1.39801054e-08
1.90255872e-08	-3.99390642e-08	1.39801054e-08
-3.56831489e-09	-3.55666964e-08	-2.0976649e-08
3.56831489e-09	-3.55666964e-08	2.0976649e-08
-1.36406824e-08	-3.74815807e-08	-1.80904019e-08
1.36406824e-08	-3.74815807e-08	1.80904019e-08
1.7044249e-08	-3.86138607e-08	-1.60824999e-08
-1.7044249e-08	-3.86138607e-08	1.60824999e-08
2.46535154e-08	-4.27019899e-08	-4.97472862e-09
-2.46535154e-08	-4.27019899e-08	4.97472862e-09
2.56328944e-08	-4.29296486e-08	0
-2.56328944e-08	-4.29296486e-08	0
2.55354922e-08	-4.28426329e-08	-2.11685602e-09
-2.55354922e-08	-4.28426329e-08	2.11685602e-09
-2.57870216e-08	-4.27533431e-08	-1.60786212e-09
2.57870216e-08	-4.27533431e-08	1.60786212e-09
2.32070974e-08	-4.08326737e-08	-1.02900155e-08
-2.32070974e-08	-4.08326737e-08	1.02900155e-08
3.90646318e-09	-3.35777632e-08	-2.21047147e-08
-3.90646318e-09	-3.35777632e-08	2.21047147e-08
0	-3.3365162e-08	-2.23435841e-08
0	-3.3365162e-08	2.23435841e-08
-2.30836796e-08	-3.9643336e-08	-1.19330579e-08
2.30836796e-08	-3.9643336e-08	1.19330579e-08
-3.38679744e-09	-3.33535142e-08	-2.22572723e-08
3.38679744e-09	-3.33535142e-08	2.22572723e-08
9.32658489e-09	-3.40275986e-08	-2.12567506e-08
-9.32658489e-09	-3.40275986e-08	2.12567506e-08
-7.5110029e-09	-3.35985e-08	-2.17554873e-08
7.5110029e-09	-3.35985e-08	2.17554873e-08
1.56762769e-08	-3.55970882e-08	-1.88509044e-08
-1.56762769e-08	-3.55970882e-08	1.88509044e-08
-1.87978026e-08	-3.66854493e-08	-1.69792625e-08
1.87978026e-08	-3.66854493e-08	1.69792625e-08
2.77748298e-08	-4.1430371e-08	-2.0856525e-09
-2.77748298e-08	-4.1430371e-08	2.0856525e-09
2.79139734e-08	-4.1482648e-08	0
-2.79139734e-08	-4.1482648e-08	0
2.26707702e-08	-3.79960498e-08	-1.397287e-08
-2.26707702e-08	-3.79960498e-08	1.397287e-08
-2.75946108e-08	-4.10866482e-08	-4.26062521e-09
2.75946108e-08	-4.10866482e-08	4.26062521e-09
-2.80948057e-08	-4.12423194e-08	-1.87378626e-09
2.80948057e-08	-4.12423194e-08	1.87378626e-09
-2.69200543e-08	-4.0179558e-08	-7.61110811e-09
2.69200543e-08	-4.0179558e-08	7.61110811e-09
2.73034543e-08	-3.9921551e-08	-7.60820697e-09
-2.73034543e-08	-3.9921551e-08	7.60820697e-09
3.31642443e-09	-3.11636228e-08	-2.33756022e-08
-3.31642443e-09	-3.11636228e-08	2.33756022e-08
0	-3.09917673e-08	-2.35419568e-08
0	-3.09917673e-08	2.35419568e-08
-3.23306772e-09	-3.10757721e-08	-2.34218641e-08
3.23306772e-09	-3.10757721e-08	2.34218641e-08
-1.31687375e-08	-3.26669287e-08	-2.12932901e-08
1.31687375e-08	-3.26669287e-08	2.12932901e-08
-2.3557617e-08	-3.65478004e-08	-1.48103649e-08
2.3557617e-08	-3.65478004e-08	1.48103649e-08
2.89115776e-08	-4.00470189e-08	-4.66138447e-09
-2.89115776e-08	-4.00470189e-08	4.66138447e-09
-1.7797856e-08	-3.35870023e-08	-1.94898398e-08
1.7797856e-08	-3.35870023e-08	1.94898398e-08
2.17298168e-08	-3.49161686e-08	-1.70623399e-08
-2.17298168e-08	-3.49161686e-08	1.70623399e-08
2.99337038e-08	-3.99025331e-08	-2.05767869e-09
-2.99337038e-08	-3.99025331e-08	2.05767869e-09
3.01149955e-08	-3.99134945e-08	0
-3.01149955e-08	-3.99134945e-08	0
-2.60129209e-08	-3.69597378e-08	-1.28308247e-08
2.60129209e-08	-3.69597378e-08	1.28308247e-08
-3.01623465e-08	-3.97935569e-08	-1.55372006e-09
3.01623465e-08	-3.97935569e-08	1.55372006e-09
2.74247135e-08	-3.73417615e-08	-1.12806054e-08
-2.74247135e-08	-3.73417615e-08	1.12806054e-08
3.63985419e-09	-2.89409874e-08	-2.43659897e-08
-3.63985419e-09	-2.89409874e-08	2.43659897e-08
-7.07010681e-09	-2.92149155e-08	-2.39737529e-08
7.07010681e-09	-2.92149155e-08	2.39737529e-08
-3.1034766e-09	-2.87436238e-08	-2.44765624e-08
3.1034766e-09	-2.87436238e-08	2.44765624e-08
0	-2.85627247e-08	-2.46231897e-08
0	-2.85627247e-08	2.46231897e-08
9.09353917e-09	-2.8737343e-08	-2.39359595e-08
-9.09353917e-09	-2.8737343e-08	2.39359595e-08
-2.92512894e-08	-3.67333936e-08	-1.03056853e-08
2.92512894e-08	-3.67333936e-08	1.03056853e-08
-1.23706418e-08	-2.89245143e-08	-2.33178535e-08
1.23706418e-08	-2.89245143e-08	2.33178535e-08
3.20113859e-08	-3.82988507e-08	-1.74611404e-09
-3.20113859e-08	-3.82988507e-08	1.74611404e-09
-3.09177653e-08	-3.7416135e-08	-7.2031152e-09
3.09177653e-08	-3.7416135e-08	7.2031152e-09
-3.17470545e-08	-3.80068292e-08	-4.13980283e-09
3.17470545e-08	-3.80068292e-08	4.13980283e-09
3.22293437e-08	-3.82265537e-08	0
-3.22293437e-08	-3.82265537e-08	0
-3.22757208e-08	-3.80697416e-08	-1.79726008e-09
3.22757208e-08	-3.80697416e-08	1.79726008e-09
2.71102237e-08	-3.4229133e-08	-1.46159092e-08
-2.71102237e-08	-3.4229133e-08	1.46159092e-08
-1.72041252e-08	-2.93160567e-08	-2.20011655e-08
1.72041252e-08	-2.93160567e-08	2.20011655e-08
-2.55740386e-09	-2.64062041e-08	-2.54287622e-08
2.55740386e-09	-2.64062041e-08	2.54287622e-08
3.13414367e-09	-2.64012875e-08	-2.54073552e-08
-3.13414367e-09	-2.64012875e-08	2.54073552e-08
0	-2.60870939e-08	-2.5593102e-08
0	-2.60870939e-08	2.5593102e-08
3.13099396e-08	-3.62830227e-08	-8.55352445e-09
-3.13099396e-08	-3.62830227e-08	8.55352445e-09
-2.46771239e-08	-3.17675871e-08	-1.78176763e-08
2.46771239e-08	-3.17675871e-08	1.78176763e-08
-2.1495966e-08	-3.00731756e-08	-2.02007406e-08
2.1495966e-08	-3.00731756e-08	2.02007406e-08
-2.77817901e-08	-3.31778723e-08	-1.50287835e-08
2.77817901e-08	-3.31778723e-08	1.50287835e-08
3.30032739e-08	-3.67266054e-08	-4.72213205e-09
-3.30032739e-08	-3.67266054e-08	4.72213205e-09
2.19094257e-08	-2.98414703e-08	-2.0164497e-08
-2.19094257e-08	-2.98414703e-08	2.0164497e-08
1.73085618e-08	-2.79840018e-08	-2.25883014e-08
-1.73085618e-08	-2.79840018e-08	2.25883014e-08
3.39897884e-08	-3.65165903e-08	-2.01093277e-09
-3.39897884e-08	-3.65165903e-08	2.01093277e-09
3.42506366e-08	-3.64265548e-08	0
-3.42506366e-08	-3.64265548e-08	0
-3.42025888e-08	-3.63844538e-08	-1.51248118e-09
3.42025888e-08	-3.63844538e-08	1.51248118e-09
-6.76887228e-09	-2.45705775e-08	-2.58102474e-08
6.76887228e-09	-2.45705775e-08	2.58102474e-08
-3.02098147e-08	-3.33772991e-08	-1.30535926e-08
3.02098147e-08	-3.33772991e-08	1.30535926e-08
3.45758156e-09	-2.41161086e-08	-2.6197806e-08
-3.45758156e-09	-2.41161086e-08	2.6197806e-08
2.62020904e-08	-3.07499227e-08	-1.76760113e-08
-2.62020904e-08	-3.07499227e-08	1.76760113e-08
-2.90543186e-09	-2.39489233e-08	-2.62770378e-08
2.90543186e-09	-2.39489233e-08	2.62770378e-08
3.14957583e-08	-3.36407269e-08	-1.16393614e-08
-3.14957583e-08	-3.36407269e-08	1.16393614e-08
0	-2.35724142e-08	-2.64568113e-08
0	-2.35724142e-08	2.64568113e-08
8.60928395e-09	-2.41703168e-08	-2.57488517e-08
-8.60928395e-09	-2.41703168e-08	2.57488517e-08
-3.24953641e-08	-3.39942335e-08	-1.0190173e-08
3.24953641e-08	-3.39942335e-08	1.0190173e-08
-1.19681731e-08	-2.46412015e-08	-2.50967458e-08
1.19681731e-08	-2.46412015e-08	2.50967458e-08
-1.69478514e-08	-2.4946052e-08	-2.39283793e-08
1.69478514e-08	-2.4946052e-08	2.39283793e-08
-3.55395565e-08	-3.45136562e-08	-4.05821211e-09
3.55395565e-08	-3.45136562e-08	4.05821211e-09
3.58950957e-08	-3.4689357e-08	-1.71715485e-09
-3.58950957e-08	-3.4689357e-08	1.71715485e-09
-3.47849449e-08	-3.37639988e-08	-7.34846899e-09
3.47849449e-08	-3.37639988e-08	7.34846899e-09
-2.14638992e-08	-2.58324201e-08	-2.22242066e-08
2.14638992e-08	-2.58324201e-08	2.22242066e-08
3.39298405e-09	-2.16510333e-08	-2.69647798e-08
-3.39298405e-09	-2.16510333e-08	2.69647798e-08
-3.60975807e-08	-3.44762652e-08	-1.7339697e-09
3.60975807e-08	-3.44762652e-08	1.7339697e-09
3.61727489e-08	-3.45185781e-08	0
-3.61727489e-08	-3.45185781e-08	0
-2.44296617e-09	-2.14943147e-08	-2.70468018e-08
2.44296617e-09	-2.14943147e-08	2.70468018e-08
-2.5243895e-08	-2.69886673e-08	-2.02081354e-08
2.5243895e-08	-2.69886673e-08	2.02081354e-08
-3.0436622e-08	-2.98269598e-08	-1.56916291e-08
3.0436622e-08	-2.98269598e-08	1.56916291e-08
0	-2.10250362e-08	-2.72187661e-08
0	-2.10250362e-08	2.72187661e-08
3.49910535e-08	-3.28240734e-08	-8.44714721e-09
-3.49910535e-08	-3.28240734e-08	8.44714721e-09
3.12613022e-08	-3.00993084e-08	-1.49008235e-08
-3.12613022e-08	-3.00993084e-08	1.49008235e-08
2.33742057e-08	-2.50500476e-08	-2.18497365e-08
-2.33742057e-08	-2.50500476e-08	2.18497365e-08
3.66729549e-08	-3.30935541e-08	-4.64413393e-09
-3.66729549e-08	-3.30935541e-08	4.64413393e-09
1.8551255e-08	-2.30809349e-08	-2.41727884e-08
-1.8551255e-08	-2.30809349e-08	2.41727884e-08
-3.34215825e-08	-3.02224472e-08	-1.30021745e-08
3.34215825e-08	-3.02224472e-08	1.30021745e-08
7.78153059e-09	-2.01159163e-08	-2.70652391e-08
-7.78153059e-09	-2.01159163e-08	2.70652391e-08
-6.51464083e-09	-1.9835377e-08	-2.72595344e-08
6.51464083e-09	-1.9835377e-08	2.72595344e-08
3.76627282e-08	-3.27211279e-08	-1.97605885e-09
-3.76627282e-08	-3.27211279e-08	1.97605885e-09
3.34427955e-09	-1.91583971e-08	-2.76376153e-08
-3.34427955e-09	-1.91583971e-08	2.76376153e-08
-2.77569895e-09	-1.90235312e-08	-2.76937587e-08
2.77569895e-09	-1.90235312e-08	2.76937587e-08
-3.78512584e-08	-3.25772875e-08	-1.47000924e-09
3.78512584e-08	-3.25772875e-08	1.47000924e-09
1.41969627e-08	-2.05449511e-08	-2.59901221e-08
-1.41969627e-08	-2.05449511e-08	2.59901221e-08
3.7989831e-08	-3.25080412e-08	0
-3.7989831e-08	-3.25080412e-08	0
-1.17744553e-08	-1.9864957e-08	-2.66088039e-08
1.17744553e-08	-1.9864957e-08	2.66088039e-08
0	-1.84503789e-08	-2.78827916e-08
0	-1.84503789e-08	2.78827916e-08
-1.66173772e-08	-2.07612528e-08	-2.54051163e-08
1.66173772e-08	-2.07612528e-08	2.54051163e-08
3.0134899e-08	-2.64146532e-08	-1.79414443e-08
-3.0134899e-08	-2.64146532e-08	1.79414443e-08
-2.98624638e-08	-2.61029993e-08	-1.82666911e-08
2.98624638e-08	-2.61029993e-08	1.82666911e-08
3.52900711e-08	-2.94382927e-08	-1.18185959e-08
-3.52900711e-08	-2.94382927e-08	1.18185959e-08
-3.61905909e-08	-3.00598043e-08	-1.01584323e-08
3.61905909e-08	-3.00598043e-08	1.01584323e-08
-2.14287095e-08	-2.11508737e-08	-2.39508318e-08
2.14287095e-08	-2.11508737e-08	2.39508318e-08
-3.80402016e-08	-3.01710685e-08	-7.16616279e-09
3.80402016e-08	-3.01710685e-08	7.16616279e-09
-3.88985868e-08	-3.07188588e-08	-3.94595989e-09
3.88985868e-08	-3.07188588e-08	3.94595989e-09
2.69394865e-09	-1.65476919e-08	-2.82632262e-08
-2.69394865e-09	-1.65476919e-08	2.82632262e-08
3.93804865e-08	-3.06796281e-08	-1.69043601e-09
-3.93804865e-08	-3.06796281e-08	1.69043601e-09
-2.359716e-09	-1.64779973e-08	-2.8288631e-08
2.359716e-09	-1.64779973e-08	2.8288631e-08
-3.95202561e-08	-3.05004418e-08	-1.68346883e-09
3.95202561e-08	-3.05004418e-08	1.68346883e-09
3.96963277e-08	-3.04006836e-08	0
-3.96963277e-08	-3.04006836e-08	0
3.82154692e-08	-2.90774669e-08	-8.35873075e-09
-3.82154692e-08	-2.90774669e-08	8.35873075e-09
0	-1.58531307e-08	-2.84521382e-08
0	-1.58531307e-08	2.84521382e-08
-3.43115936e-08	-2.58885049e-08	-1.53264461e-08
3.43115936e-08	-2.58885049e-08	1.53264461e-08
-2.85878693e-08	-2.22893667e-08	-2.06622949e-08
2.85878693e-08	-2.22893667e-08	2.06622949e-08
1.92120689e-08	-1.81979527e-08	-2.54539414e-08
-1.92120689e-08	-1.81979527e-08	2.54539414e-08
2.43711438e-08	-2.00239798e-08	-2.3277275e-08
-2.43711438e-08	-2.00239798e-08	2.3277275e-08
3.49252518e-08	-2.56470931e-08	-1.49694096e-08
-3.49252518e-08	-2.56470931e-08	1.49694096e-08
2.89929558e-08	-2.19966734e-08	-2.05718194e-08
-2.89929558e-08	-2.19966734e-08	2.05718194e-08
3.99612421e-08	-2.90771135e-08	-4.55449414e-09
-3.99612421e-08	-2.90771135e-08	4.55449414e-09
-6.29161802e-09	-1.50299637e-08	-2.83623988e-08
6.29161802e-09	-1.50299637e-08	2.83623988e-08
1.39399034e-08	-1.61051425e-08	-2.71416516e-08
-1.39399034e-08	-1.61051425e-08	2.71416516e-08
-1.1458029e-08	-1.55556078e-08	-2.76699329e-08
1.1458029e-08	-1.55556078e-08	2.76699329e-08
-3.71173969e-08	-2.63944043e-08	-1.23785434e-08
3.71173969e-08	-2.63944043e-08	1.23785434e-08
7.18127366e-09	-1.48547763e-08	-2.83195228e-08
-7.18127366e-09	-1.48547763e-08	2.83195228e-08
2.94445106e-09	-1.43964693e-08	-2.86751787e-08
-2.94445106e-09	-1.43964693e-08	2.86751787e-08
-2.70476195e-09	-1.40079343e-08	-2.87528491e-08
2.70476195e-09	-1.40079343e-08	2.87528491e-08
4.09129175e-08	-2.85576085e-08	-1.95310636e-09
-4.09129175e-08	-2.85576085e-08	1.95310636e-09
-4.10837727e-08	-2.83976958e-08	-1.43178771e-09
4.10837727e-08	-2.83976958e-08	1.43178771e-09
4.12869967e-08	-2.82025514e-08	0
-4.12869967e-08	-2.82025514e-08	0
0	-1.32374085e-08	-2.89295276e-08
0	-1.32374085e-08	2.89295276e-08
-1.96743074e-08	-1.58726111e-08	-2.58834593e-08
1.96743074e-08	-1.58726111e-08	2.58834593e-08
3.36931482e-08	-2.173363e-08	-1.79240507e-08
-3.36931482e-08	-2.173363e-08	1.79240507e-08
-4.08621341e-08	-2.63365058e-08	-7.01447115e-09
4.08621341e-08	-2.63365058e-08	7.01447115e-09
-1.54887836e-08	-1.35953077e-08	-2.73330472e-08
1.54887836e-08	-1.35953077e-08	2.73330472e-08
-4.18675492e-08	-2.65770959e-08	-3.83090934e-09
4.18675492e-08	-2.65770959e-08	3.83090934e-09
3.28668269e-09	-1.15599193e-08	-2.9120504e-08
-3.28668269e-09	-1.15599193e-08	2.9120504e-08
-2.40986364e-09	-1.12848842e-08	-2.91901322e-08
2.40986364e-09	-1.12848842e-08	2.91901322e-08
4.24322852e-08	-2.6315945e-08	-1.58429705e-09
-4.24322852e-08	-2.6315945e-08	1.58429705e-09
4.09859541e-08	-2.50803869e-08	-8.29489433e-09
-4.09859541e-08	-2.50803869e-08	8.29489433e-09
-4.25063064e-08	-2.61856583e-08	-1.6459278e-09
4.25063064e-08	-2.61856583e-08	1.6459278e-09
4.27569252e-08	-2.59199797e-08	0
-4.27569252e-08	-2.59199797e-08	0
0	-1.06068844e-08	-2.93171936e-08
0	-1.06068844e-08	2.93171936e-08
-3.78415099e-08	-2.18173913e-08	-1.45988959e-08
3.78415099e-08	-2.18173913e-08	1.45988959e-08
-1.12857804e-08	-1.1206977e-08	-2.84417394e-08
1.12857804e-08	-1.1206977e-08	2.84417394e-08
2.47720646e-08	-1.48764332e-08	-2.44829156e-08
-2.47720646e-08	-1.48764332e-08	2.44829156e-08
1.38204876e-08	-1.16051806e-08	-2.79777234e-08
-1.38204876e-08	-1.16051806e-08	2.79777234e-08
-2.55144873e-08	-1.51497985e-08	-2.41457664e-08
2.55144873e-08	-1.51497985e-08	2.41457664e-08
1.95348473e-08	-1.30368074e-08	-2.64846239e-08
-1.95348473e-08	-1.30368074e-08	2.64846239e-08
-2.95532292e-08	-1.67635889e-08	-2.20093603e-08
2.95532292e-08	-1.67635889e-08	2.20093603e-08
-4.10308033e-08	-2.37341176e-08	-9.54669277e-09
4.10308033e-08	-2.37341176e-08	9.54669277e-09
2.9743534e-08	-1.6757007e-08	-2.19186899e-08
-2.9743534e-08	-1.6757007e-08	2.19186899e-08
4.0287811e-08	-2.27395474e-08	-1.13811202e-08
-4.0287811e-08	-2.27395474e-08	1.13811202e-08
-5.84921747e-09	-9.72918298e-09	-2.9216548e-08
5.84921747e-09	-9.72918298e-09	2.9216548e-08
4.304301e-08	-2.44373795e-08	-4.24746495e-09
-4.304301e-08	-2.44373795e-08	4.24746495e-09
-3.34419119e-08	-1.78131203e-08	-1.95744542e-08
3.34419119e-08	-1.78131203e-08	1.95744542e-08
-2.19782477e-09	-9.1896399e-09	-2.94594506e-08
2.19782477e-09	-9.1896399e-09	2.94594506e-08
-3.64582923e-08	-1.95698203e-08	-1.6840826e-08
3.64582923e-08	-1.95698203e-08	1.6840826e-08
2.84129467e-09	-9.17732585e-09	-2.94410147e-08
-2.84129467e-09	-9.17732585e-09	2.94410147e-08
4.35653613e-08	-2.43659195e-08	-1.73495097e-09
-4.35653613e-08	-2.43659195e-08	1.73495097e-09
7.60982227e-09	-9.34560198e-09	-2.91154618e-08
-7.60982227e-09	-9.34560198e-09	2.91154618e-08
-4.38636267e-08	-2.38969766e-08	-1.3304272e-09
4.38636267e-08	-2.38969766e-08	1.3304272e-09
4.41015467e-08	-2.35595751e-08	0
-4.41015467e-08	-2.35595751e-08	0
0	-7.96488953e-09	-2.96169173e-08
0	-7.96488953e-09	2.96169173e-08
3.88730218e-08	-1.94687256e-08	-1.48171685e-08
-3.88730218e-08	-1.94687256e-08	1.48171685e-08
-2.02789907e-08	-1.06287983e-08	-2.66699236e-08
2.02789907e-08	-1.06287983e-08	2.66699236e-08
-4.32508583e-08	-2.22984382e-08	-6.89720587e-09
4.32508583e-08	-2.22984382e-08	6.89720587e-09
-4.08156119e-08	-2.01389542e-08	-1.24202659e-08
4.08156119e-08	-2.01389542e-08	1.24202659e-08
-1.58864069e-08	-8.40392919e-09	-2.79949742e-08
1.58864069e-08	-8.40392919e-09	2.79949742e-08
3.32125479e-09	-6.43096216e-09	-2.96840078e-08
-3.32125479e-09	-6.43096216e-09	2.96840078e-08
-2.70243038e-09	-6.38366873e-09	-2.97102749e-08
2.70243038e-09	-6.38366873e-09	2.97102749e-08
-4.45825523e-08	-2.18528875e-08	-3.54189793e-09
4.45825523e-08	-2.18528875e-08	3.54189793e-09
4.33085335e-08	-2.08583775e-08	-8.25515866e-09
-4.33085335e-08	-2.08583775e-08	8.25515866e-09
-2.52245395e-08	-1.08534697e-08	-2.5070559e-08
2.52245395e-08	-1.08534697e-08	2.5070559e-08
-4.48906672e-08	-2.18854457e-08	-1.4518595e-09
4.48906672e-08	-2.18854457e-08	1.4518595e-09
4.49174211e-08	-2.17242504e-08	-1.94257653e-09
-4.49174211e-08	-2.17242504e-08	1.94257653e-09
-1.12449403e-08	-6.83809297e-09	-2.89420982e-08
1.12449403e-08	-6.83809297e-09	2.89420982e-08
1.38328643e-08	-7.0869888e-09	-2.85137427e-08
-1.38328643e-08	-7.0869888e-09	2.85137427e-08
3.19521211e-08	-1.28723538e-08	-2.17442224e-08
-3.19521211e-08	-1.28723538e-08	2.17442224e-08
1.88863949e-08	-7.95664099e-09	-2.73641836e-08
-1.88863949e-08	-7.95664099e-09	2.73641836e-08
-2.97561827e-08	-1.17941461e-08	-2.30470904e-08
2.97561827e-08	-1.17941461e-08	2.30470904e-08
3.61254292e-08	-1.49727583e-08	-1.86943081e-08
-3.61254292e-08	-1.49727583e-08	1.86943081e-08
0	-5.31450007e-09	-2.98300552e-08
0	-5.31450007e-09	2.98300552e-08
4.53166561e-08	-2.11281963e-08	0
-4.53166561e-08	-2.11281963e-08	0
2.46311026e-08	-9.56077083e-09	-2.54692788e-08
-2.46311026e-08	-9.56077083e-09	2.54692788e-08
-3.31397216e-08	-1.29295833e-08	-2.10819947e-08
3.31397216e-08	-1.29295833e-08	2.10819947e-08
-4.34173838e-08	-1.8824548e-08	-9.68525591e-09
4.34173838e-08	-1.8824548e-08	9.68525591e-09
-3.70301174e-08	-1.45130447e-08	-1.81805143e-08
3.70301174e-08	-1.45130447e-08	1.81805143e-08
8.22493375e-09	-4.96177273e-09	-2.94411831e-08
-8.22493375e-09	-4.96177273e-09	2.94411831e-08
-3.98857481e-08	-1.60877273e-08	-1.53007308e-08
3.98857481e-08	-1.60877273e-08	1.53007308e-08
4.25354897e-08	-1.76961787e-08	-1.16588101e-08
-4.25354897e-08	-1.76961787e-08	1.16588101e-08
-2.34524113e-09	-3.88988834e-09	-2.98759552e-08
2.34524113e-09	-3.88988834e-09	2.98759552e-08
3.36206516e-09	-3.85713912e-09	-2.98425005e-08
-3.36206516e-09	-3.85713912e-09	2.98425005e-08
4.55266424e-08	-1.92546835e-08	-4.51326035e-09
-4.55266424e-08	-1.92546835e-08	4.51326035e-09
4.59446641e-08	-1.95258327e-08	-1.67889617e-09
-4.59446641e-08	-1.95258327e-08	1.67889617e-09
-6.22066515e-09	-3.87006981e-09	-2.9676208e-08
6.22066515e-09	-3.87006981e-09	2.9676208e-08
-4.60949796e-08	-1.91833375e-08	-1.61581868e-09
4.60949796e-08	-1.91833375e-08	1.61581868e-09
-4.52103316e-08	-1.80842519e-08	-6.81431375e-09
4.52103316e-08	-1.80842519e-08	6.81431375e-09
4.63984241e-08	-1.86329344e-08	0
-4.63984241e-08	-1.86329344e-08	0
0	-2.65861077e-09	-2.99575607e-08
0	-2.65861077e-09	2.99575607e-08
-2.01532189e-08	-5.02319523e-09	-2.72892195e-08
2.01532189e-08	-5.02319523e-09	2.72892195e-08
4.11929183e-08	-1.39877922e-08	-1.47883283e-08
-4.11929183e-08	-1.39877922e-08	1.47883283e-08
-2.42011841e-08	-5.77063079e-09	-2.60223155e-08
2.42011841e-08	-5.77063079e-09	2.60223155e-08
-1.53275669e-08	-3.36655687e-09	-2.84840923e-08
1.53275669e-08	-3.36655687e-09	2.84840923e-08
4.51623451e-08	-1.64772571e-08	-8.24563702e-09
-4.51623451e-08	-1.64772571e-08	8.24563702e-09
-4.31862724e-08	-1.47926041e-08	-1.22394815e-08
4.31862724e-08	-1.47926041e-08	1.22394815e-08
-2.88560627e-08	-6.87333403e-09	-2.41501671e-08
2.88560627e-08	-6.87333403e-09	2.41501671e-08
-2.78617539e-09	-1.27135076e-09	-2.99436725e-08
2.78617539e-09	-1.27135076e-09	2.99436725e-08
5.10836558e-09	-1.22177233e-09	-2.9834012e-08
-5.10836558e-09	-1.22177233e-09	2.9834012e-08
1.78448952e-08	-3.14309787e-09	-2.79607767e-08
-1.78448952e-08	-3.14309787e-09	2.79607767e-08
-4.6980954e-08	-1.69525434e-08	-1.39443352e-09
4.6980954e-08	-1.69525434e-08	1.39443352e-09
-1.09476116e-08	-1.76135692e-09	-2.9252984e-08
1.09476116e-08	-1.76135692e-09	2.9252984e-08
4.69620659e-08	-1.68511982e-08	-1.95359589e-09
-4.69620659e-08	-1.68511982e-08	1.95359589e-09
-4.67502103e-08	-1.66045765e-08	-3.73284292e-09
4.67502103e-08	-1.66045765e-08	3.73284292e-09
2.37989679e-08	-4.49742915e-09	-2.62453351e-08
-2.37989679e-08	-4.49742915e-09	2.62453351e-08
3.22644032e-08	-7.68662927e-09	-2.24493351e-08
-3.22644032e-08	-7.68662927e-09	2.24493351e-08
3.65120364e-08	-9.75957734e-09	-1.96413814e-08
-3.65120364e-08	-9.75957734e-09	1.96413814e-08
-3.31646447e-08	-7.77295774e-09	-2.19610448e-08
3.31646447e-08	-7.77295774e-09	2.19610448e-08
-3.67674003e-08	-9.51646608e-09	-1.95124128e-08
3.67674003e-08	-9.51646608e-09	1.95124128e-08
4.734341e-08	-1.60810924e-08	0
-4.734341e-08	-1.60810924e-08	0
0	-3.061617e-24	-3e-08
0	-3.061617e-24	3e-08
1.23496313e-08	-9.77560576e-10	-2.90646031e-08
-1.23496313e-08	-9.77560576e-10	2.90646031e-08
-4.0085047e-08	-1.05912274e-08	-1.67679864e-08
4.0085047e-08	-1.05912274e-08	1.67679864e-08
-4.5450412e-08	-1.39628096e-08	-9.28159455e-09
4.5450412e-08	-1.39628096e-08	9.28159455e-09
4.45289652e-08	-1.26684225e-08	-1.13316211e-08
-4.45289652e-08	-1.26684225e-08	1.13316211e-08
4.72722109e-08	-1.4397694e-08	-4.57121566e-09
-4.72722109e-08	-1.4397694e-08	4.57121566e-09
3.43089204e-09	1.28097938e-09	-2.99194202e-08
-3.43089204e-09	1.28097938e-09	2.99194202e-08
4.77609612e-08	-1.45213825e-08	-1.69917986e-09
-4.77609612e-08	-1.45213825e-08	1.69917986e-09
-4.67288756e-08	-1.37507044e-08	-6.77044398e-09
4.67288756e-08	-1.37507044e-08	6.77044398e-09
-2.45756175e-09	1.52721695e-09	-2.99497259e-08
2.45756175e-09	1.52721695e-09	2.99497259e-08
-4.7854265e-08	-1.4237911e-08	-1.6156847e-09
4.7854265e-08	-1.4237911e-08	1.6156847e-09
-2.29612309e-08	-1.58553968e-09	-2.66326202e-08
2.29612309e-08	-1.58553968e-09	2.66326202e-08
-1.42463308e-08	6.6188934e-10	-2.87537376e-08
1.42463308e-08	6.6188934e-10	2.87537376e-08
4.81485741e-08	-1.34801636e-08	0
-4.81485741e-08	-1.34801636e-08	0
0	2.65861068e-09	-2.99575607e-08
0	2.65861068e-09	2.99575607e-08
-6.75526856e-09	2.47266713e-09	-2.968789e-08
6.75526856e-09	2.47266713e-09	2.968789e-08
4.65459759e-08	-1.19608015e-08	-8.27937733e-09
-4.65459759e-08	-1.19608015e-08	8.27937733e-09
-2.77302711e-08	-1.99089578e-09	-2.49348075e-08
2.77302711e-08	-1.99089578e-09	2.49348075e-08
8.33641922e-09	2.52033585e-09	-2.9541407e-08
-8.33641922e-09	2.52033585e-09	2.9541407e-08
1.79794537e-08	1.05545841e-09	-2.79861589e-08
-1.79794537e-08	1.05545841e-09	2.79861589e-08
-3.21998187e-08	-3.12969767e-09	-2.28739065e-08
3.21998187e-08	-3.12969767e-09	2.28739065e-08
-4.49936738e-08	-9.87733473e-09	-1.16654501e-08
4.49936738e-08	-9.87733473e-09	1.16654501e-08
4.36515075e-08	-8.82489393e-09	-1.36381879e-08
-4.36515075e-08	-8.82489393e-09	1.36381879e-08
-4.81953063e-08	-1.17410954e-08	-3.76421137e-09
4.81953063e-08	-1.17410954e-08	3.76421137e-09
3.36206509e-09	3.85713901e-09	-2.98425005e-08
-3.36206509e-09	3.85713901e-09	2.98425005e-08
4.05222772e-08	-6.77135969e-09	-1.70983551e-08
-4.05222772e-08	-6.77135969e-09	1.70983551e-08
3.20283188e-08	-2.57416281e-09	-2.29852512e-08
-3.20283188e-08	-2.57416281e-09	2.29852512e-08
-4.85103747e-08	-1.18851951e-08	-1.40529158e-09
4.85103747e-08	-1.18851951e-08	1.40529158e-09
-3.66623445e-08	-4.60765194e-09	-2.02106688e-08
3.66623445e-08	-4.60765194e-09	2.02106688e-08
4.84781263e-08	-1.17881772e-08	-1.98183121e-09
-4.84781263e-08	-1.17881772e-08	1.98183121e-09
3.66416212e-08	-4.57628431e-09	-2.02267575e-08
-3.66416212e-08	-4.57628431e-09	2.02267575e-08
-4.23511476e-08	-7.57122578e-09	-1.52859563e-08
4.23511476e-08	-7.57122578e-09	1.52859563e-08
-1.92477479e-08	1.88422984e-09	-2.76649706e-08
1.92477479e-08	1.88422984e-09	2.76649706e-08
-2.96935442e-09	4.20357198e-09	-2.98406543e-08
2.96935442e-09	4.20357198e-09	2.98406543e-08
-3.94946794e-08	-5.74477617e-09	-1.80715363e-08
3.94946794e-08	-5.74477617e-09	1.80715363e-08
4.88112885e-08	-1.08378096e-08	0
-4.88112885e-08	-1.08378096e-08	0
0	5.31449991e-09	-2.98300552e-08
0	5.31449991e-09	2.98300552e-08
-1.12774878e-08	4.66182306e-09	-2.90927971e-08
1.12774878e-08	4.66182306e-09	2.90927971e-08
-4.78058451e-08	-9.32849206e-09	-6.77708986e-09
4.78058451e-08	-9.32849206e-09	6.77708986e-09
4.84831078e-08	-9.47462183e-09	-4.63283133e-09
-4.84831078e-08	-9.47462183e-09	4.63283133e-09
1.38953792e-08	4.82748508e-09	-2.86723033e-08
-1.38953792e-08	4.82748508e-09	2.86723033e-08
2.39041704e-08	2.58916529e-09	-2.6303598e-08
-2.39041704e-08	2.58916529e-09	2.6303598e-08
4.90302962e-08	-9.36686922e-09	-1.72773046e-09
-4.90302962e-08	-9.36686922e-09	1.72773046e-09
3.32125472e-09	6.430962e-09	-2.96840078e-08
-3.32125472e-09	6.430962e-09	2.96840078e-08
-4.90827747e-08	-9.13552757e-09	-1.63475057e-09
4.90827747e-08	-9.13552757e-09	1.63475057e-09
-2.33424689e-09	6.5546111e-09	-2.97081102e-08
2.33424689e-09	6.5546111e-09	2.97081102e-08
-1.52957146e-08	5.35184828e-09	-2.83806903e-08
1.52957146e-08	5.35184828e-09	2.83806903e-08
-2.40848716e-08	3.31198312e-09	-2.62149176e-08
2.40848716e-08	3.31198312e-09	2.62149176e-08
-6.22628529e-09	6.76660305e-09	-2.9488315e-08
6.22628529e-09	6.76660305e-09	2.9488315e-08
4.7450693e-08	-7.34849598e-09	-8.36631831e-09
-4.7450693e-08	-7.34849598e-09	8.36631831e-09
7.64066045e-09	6.88422699e-09	-2.93585078e-08
-7.64066045e-09	6.88422699e-09	2.93585078e-08
-4.69004242e-08	-6.74529202e-09	-9.57843658e-09
4.69004242e-08	-6.74529202e-09	9.57843658e-09
4.93293463e-08	-8.16183741e-09	0
-4.93293463e-08	-8.16183741e-09	0
-3.14397995e-08	1.8130807e-09	-2.33017301e-08
3.14397995e-08	1.8130807e-09	2.33017301e-08
-3.54949115e-08	1.65487373e-10	-2.11288947e-08
3.54949115e-08	1.65487373e-10	2.11288947e-08
1.89146809e-08	5.85640821e-09	-2.75473672e-08
-1.89146809e-08	5.85640821e-09	2.75473672e-08
0	7.96488932e-09	-2.96169174e-08
0	7.96488932e-09	2.96169174e-08
4.37158896e-08	-3.69780933e-09	-1.43905869e-08
-4.37158896e-08	-3.69780933e-09	1.43905869e-08
3.63337747e-08	2.53110743e-10	-2.06088668e-08
-3.63337747e-08	2.53110743e-10	2.06088668e-08
4.05097345e-08	-1.71704375e-09	-1.75546217e-08
-4.05097345e-08	-1.71704375e-09	1.75546217e-08
3.15679147e-08	2.43184969e-09	-2.32189369e-08
-3.15679147e-08	2.43184969e-09	2.32189369e-08
-4.22079643e-08	-2.50194578e-09	-1.60125603e-08
4.22079643e-08	-2.50194578e-09	1.60125603e-08
-4.91466263e-08	-6.70461207e-09	-3.7784426e-09
4.91466263e-08	-6.70461207e-09	3.7784426e-09
-3.92476505e-08	-7.33190981e-10	-1.85814523e-08
3.92476505e-08	-7.33190981e-10	1.85814523e-08
-4.94961754e-08	-6.67210258e-09	-1.42133705e-09
4.94961754e-08	-6.67210258e-09	1.42133705e-09
4.9447696e-08	-6.59296742e-09	-2.03099226e-09
-4.9447696e-08	-6.59296742e-09	2.03099226e-09
-2.68910703e-09	8.93402272e-09	-2.94730843e-08
2.68910703e-09	8.93402272e-09	2.94730843e-08
3.2964357e-09	8.99955789e-09	-2.94436908e-08
-3.2964357e-09	8.99955789e-09	2.94436908e-08
-4.55195704e-08	-3.66302232e-09	-1.22163149e-08
4.55195704e-08	-3.66302232e-09	1.22163149e-08
-2.01357561e-08	6.86290835e-09	-2.71492662e-08
2.01357561e-08	6.86290835e-09	2.71492662e-08
-4.84386195e-08	-4.84806583e-09	-6.84621817e-09
4.84386195e-08	-4.84806583e-09	6.84621817e-09
-1.12496965e-08	9.0168806e-09	-2.87257806e-08
1.12496965e-08	9.0168806e-09	2.87257806e-08
4.97009706e-08	-5.46017628e-09	0
-4.97009706e-08	-5.46017628e-09	0
1.38110825e-08	9.34254951e-09	-2.8282671e-08
-1.38110825e-08	9.34254951e-09	2.8282671e-08
4.91860147e-08	-4.39229361e-09	-4.70316257e-09
-4.91860147e-08	-4.39229361e-09	4.70316257e-09
0	1.06068842e-08	-2.93171936e-08
0	1.06068842e-08	2.93171936e-08
-3.02820333e-08	5.79152952e-09	-2.36178829e-08
3.02820333e-08	5.79152952e-09	2.36178829e-08
2.46119175e-08	7.65142703e-09	-2.57071061e-08
-2.46119175e-08	7.65142703e-09	2.57071061e-08
4.97236192e-08	-3.96436102e-09	-2.06504081e-09
-4.97236192e-08	-3.96436102e-09	2.06504081e-09
-4.97665219e-08	-3.93418335e-09	-1.67737266e-09
4.97665219e-08	-3.93418335e-09	1.67737266e-09
4.79864045e-08	-2.22487268e-09	-8.32152461e-09
-4.79864045e-08	-2.22487268e-09	8.32152461e-09
-2.41105381e-09	1.17618175e-08	-2.91222377e-08
2.41105381e-09	1.17618175e-08	2.91222377e-08
-1.59374929e-08	1.03820034e-08	-2.77444718e-08
1.59374929e-08	1.03820034e-08	2.77444718e-08
-4.74560507e-08	-1.69028288e-09	-9.3927542e-09
4.74560507e-08	-1.69028288e-09	9.3927542e-09
2.67791586e-09	1.1819722e-08	-2.91053991e-08
-2.67791586e-09	1.1819722e-08	2.91053991e-08
-3.46825106e-08	4.92927919e-09	-2.14060094e-08
3.46825106e-08	4.92927919e-09	2.14060094e-08
4.62837598e-08	-8.23005945e-10	-1.13388291e-08
-4.62837598e-08	-8.23005945e-10	1.13388291e-08
-3.77631121e-08	3.8931344e-09	-1.95234401e-08
3.77631121e-08	3.8931344e-09	1.95234401e-08
-4.13518666e-08	2.14981473e-09	-1.68150086e-08
4.13518666e-08	2.14981473e-09	1.68150086e-08
4.99248207e-08	-2.7408538e-09	0
-4.99248207e-08	-2.7408538e-09	0
-5.86756605e-09	1.22048205e-08	-2.887873e-08
5.86756605e-09	1.22048205e-08	2.887873e-08
4.35439199e-08	1.32843142e-09	-1.47233974e-08
-4.35439199e-08	1.32843142e-09	1.47233974e-08
3.99505083e-08	3.26992065e-09	-1.79325186e-08
-3.99505083e-08	3.26992065e-09	1.79325186e-08
-4.4241169e-08	1.06338941e-09	-1.39632281e-08
4.4241169e-08	1.06338941e-09	1.39632281e-08
7.15631789e-09	1.2349165e-08	-2.87517423e-08
-7.15631789e-09	1.2349165e-08	2.87517423e-08
-2.42444741e-08	9.38292803e-09	-2.56261548e-08
2.42444741e-08	9.38292803e-09	2.56261548e-08
3.56180782e-08	5.48091135e-09	-2.07959699e-08
-3.56180782e-08	5.48091135e-09	2.07959699e-08
1.94848419e-08	1.09516025e-08	-2.68355213e-08
-1.94848419e-08	1.09516025e-08	2.68355213e-08
-4.95521403e-08	-1.55666661e-09	-3.89594484e-09
4.95521403e-08	-1.55666661e-09	3.89594484e-09
0	1.32374083e-08	-2.89295276e-08
0	1.32374083e-08	2.89295276e-08
-4.99211763e-08	-1.3801e-09	-1.46619645e-09
4.99211763e-08	-1.3801e-09	1.46619645e-09
4.98581732e-08	-1.32515061e-09	-2.11337551e-09
-4.98581732e-08	-1.32515061e-09	2.11337551e-09
-2.20967025e-09	1.39179138e-08	-2.87838019e-08
2.20967025e-09	1.39179138e-08	2.87838019e-08
2.94238271e-09	1.39130553e-08	-2.87610316e-08
-2.94238271e-09	1.39130553e-08	2.87610316e-08
-1.13570637e-08	1.33895586e-08	-2.80895934e-08
1.13570637e-08	1.33895586e-08	2.80895934e-08
-4.86985257e-08	2.04275888e-10	-6.79913758e-09
4.86985257e-08	2.04275888e-10	6.79913758e-09
4.92406996e-08	-1.26622991e-11	-5.20837817e-09
-4.92406996e-08	-1.26622991e-11	5.20837817e-09
2.99719514e-08	9.3822995e-09	-2.33434284e-08
-2.99719514e-08	9.3822995e-09	2.33434284e-08
-2.03320985e-08	1.22923725e-08	-2.63966135e-08
2.03320985e-08	1.22923725e-08	2.63966135e-08
4.99999986e-08	-1.19717018e-11	0
-4.99999986e-08	-1.19717018e-11	0
1.38655125e-08	1.38648246e-08	-2.75968316e-08
-1.38655125e-08	1.38648246e-08	2.75968316e-08
4.79860441e-08	2.20636918e-09	-8.32404594e-09
-4.79860441e-08	2.20636918e-09	8.32404594e-09
4.9858694e-08	1.3023005e-09	-2.11406524e-09
-4.9858694e-08	1.3023005e-09	2.11406524e-09
-3.27285761e-08	9.76102355e-09	-2.19107868e-08
3.27285761e-08	9.76102355e-09	2.19107868e-08
-4.99013347e-08	1.29224243e-09	-1.7167662e-09
4.99013347e-08	1.29224243e-09	1.7167662e-09
-2.81880649e-08	1.14557844e-08	-2.38056985e-08
2.81880649e-08	1.14557844e-08	2.38056985e-08
0	1.58531305e-08	-2.84521383e-08
0	1.58531305e-08	2.84521383e-08
-4.77632518e-08	3.02152285e-09	-8.68534302e-09
4.77632518e-08	3.02152285e-09	8.68534302e-09
4.5977097e-08	4.12447468e-09	-1.15271112e-08
-4.5977097e-08	4.12447468e-09	1.15271112e-08
-4.5874144e-08	4.23360957e-09	-1.16597686e-08
4.5874144e-08	4.23360957e-09	1.16597686e-08
2.49656971e-08	1.2786449e-08	-2.48346421e-08
-2.49656971e-08	1.2786449e-08	2.48346421e-08
-4.0284938e-08	7.16338245e-09	-1.72421432e-08
4.0284938e-08	7.16338245e-09	1.72421432e-08
-4.33668251e-08	5.64017647e-09	-1.45431249e-08
4.33668251e-08	5.64017647e-09	1.45431249e-08
-3.66936812e-08	9.01202896e-09	-1.96481184e-08
3.66936812e-08	9.01202896e-09	1.96481184e-08
4.29607429e-08	6.10826168e-09	-1.49044602e-08
-4.29607429e-08	6.10826168e-09	1.49044602e-08
-2.73323121e-09	1.65248592e-08	-2.82666774e-08
2.73323121e-09	1.65248592e-08	2.82666774e-08
3.31060822e-09	1.66429404e-08	-2.82194767e-08
-3.31060822e-09	1.66429404e-08	2.82194767e-08
-1.56334361e-08	1.55557636e-08	-2.69239856e-08
1.56334361e-08	1.55557636e-08	2.69239856e-08
3.91930933e-08	8.41147437e-09	-1.79313544e-08
-3.91930933e-08	8.41147437e-09	1.79313544e-08
4.99260901e-08	2.71763194e-09	0
-4.99260901e-08	2.71763194e-09	0
3.46333393e-08	1.06865228e-08	-2.06658853e-08
-3.46333393e-08	1.06865228e-08	2.06658853e-08
-2.46134116e-08	1.42693041e-08	-2.46699026e-08
2.46134116e-08	1.42693041e-08	2.46699026e-08
-6.36484782e-09	1.74161974e-08	-2.78607129e-08
6.36484782e-09	1.74161974e-08	2.78607129e-08
4.97252834e-08	3.94220367e-09	-2.06588454e-09
-4.97252834e-08	3.94220367e-09	2.06588454e-09
4.91875921e-08	4.37097427e-09	-4.70437381e-09
-4.91875921e-08	4.37097427e-09	4.70437381e-09
7.6994507e-09	1.7709154e-08	-2.76723247e-08
-7.6994507e-09	1.7709154e-08	2.76723247e-08
-4.97627341e-08	4.18046994e-09	-1.49326035e-09
4.97627341e-08	4.18046994e-09	1.49326035e-09
1.90840615e-08	1.61482103e-08	-2.5980997e-08
-1.90840615e-08	1.61482103e-08	2.5980997e-08
-1.15966368e-08	1.77148617e-08	-2.71774283e-08
1.15966368e-08	1.77148617e-08	2.71774283e-08
0	1.84503787e-08	-2.78827916e-08
0	1.84503787e-08	2.78827916e-08
-4.9282172e-08	4.98528837e-09	-4.08768779e-09
4.9282172e-08	4.98528837e-09	4.08768779e-09
-2.39102118e-09	1.89921928e-08	-2.77144126e-08
2.39102118e-09	1.89921928e-08	2.77144126e-08
4.9703429e-08	5.43775234e-09	0
-4.9703429e-08	5.43775234e-09	0
2.87759423e-09	1.91045337e-08	-2.76699304e-08
-2.87759423e-09	1.91045337e-08	2.76699304e-08
3.00923659e-08	1.45549861e-08	-2.2310013e-08
-3.00923659e-08	1.45549861e-08	2.2310013e-08
1.40492022e-08	1.83316135e-08	-2.66076281e-08
-1.40492022e-08	1.83316135e-08	2.66076281e-08
-3.52544027e-08	1.29375397e-08	-1.98067912e-08
3.52544027e-08	1.29375397e-08	1.98067912e-08
-1.9908242e-08	1.74833662e-08	-2.54416543e-08
1.9908242e-08	1.74833662e-08	2.54416543e-08
4.74527097e-08	7.32972289e-09	-8.36812892e-09
-4.74527097e-08	7.32972289e-09	8.36812892e-09
-4.81801843e-08	7.07527109e-09	-6.80439105e-09
4.81801843e-08	7.07527109e-09	6.80439105e-09
-4.69284939e-08	7.77962046e-09	-9.2406617e-09
4.69284939e-08	7.77962046e-09	9.2406617e-09
-3.10041298e-08	1.48648497e-08	-2.17807453e-08
3.10041298e-08	1.48648497e-08	2.17807453e-08
4.94504551e-08	6.57157392e-09	-2.03176964e-09
-4.94504551e-08	6.57157392e-09	2.03176964e-09
-4.47905275e-08	9.25970789e-09	-1.21203929e-08
4.47905275e-08	9.25970789e-09	1.21203929e-08
-4.204769e-08	1.06818826e-08	-1.49144257e-08
4.204769e-08	1.06818826e-08	1.49144257e-08
4.50979678e-08	9.24338389e-09	-1.17074307e-08
-4.50979678e-08	9.24338389e-09	1.17074307e-08
-4.94336705e-08	6.87847729e-09	-1.79987699e-09
4.94336705e-08	6.87847729e-09	1.79987699e-09
-3.90608821e-08	1.22295211e-08	-1.72304112e-08
3.90608821e-08	1.22295211e-08	1.72304112e-08
4.20488423e-08	1.13249542e-08	-1.47414551e-08
-4.20488423e-08	1.13249542e-08	1.47414551e-08
0	2.1025036e-08	-2.72187661e-08
0	2.1025036e-08	2.72187661e-08
-3.0694445e-09	2.10580555e-08	-2.71471776e-08
3.0694445e-09	2.10580555e-08	2.71471776e-08
2.48851673e-08	1.79521929e-08	-2.3686304e-08
-2.48851673e-08	1.79521929e-08	2.3686304e-08
3.80483488e-08	1.36553101e-08	-1.76552552e-08
-3.80483488e-08	1.36553101e-08	1.76552552e-08
4.93329081e-08	8.14028098e-09	0
-4.93329081e-08	8.14028098e-09	0
-1.49397067e-08	2.04818907e-08	-2.58578235e-08
1.49397067e-08	2.04818907e-08	2.58578235e-08
-7.04093279e-09	2.14327678e-08	-2.67727888e-08
7.04093279e-09	2.14327678e-08	2.67727888e-08
3.39298405e-09	2.1651033e-08	-2.69647799e-08
-3.39298405e-09	2.1651033e-08	2.69647799e-08
-4.87231274e-08	9.29217945e-09	-3.78105961e-09
4.87231274e-08	9.29217945e-09	3.78105961e-09
4.84865903e-08	9.45506095e-09	-4.63409737e-09
-4.84865903e-08	9.45506095e-09	4.63409737e-09
-4.90734148e-08	9.28676348e-09	-1.41426847e-09
4.90734148e-08	9.28676348e-09	1.41426847e-09
4.90341715e-08	9.34627971e-09	-1.72827899e-09
-4.90341715e-08	9.34627971e-09	1.72827899e-09
3.46098144e-08	1.63196254e-08	-1.93105931e-08
-3.46098144e-08	1.63196254e-08	1.93105931e-08
-2.38915695e-08	1.95912394e-08	-2.35867643e-08
2.38915695e-08	1.95912394e-08	2.35867643e-08
7.95450381e-09	2.25512406e-08	-2.63465419e-08
-7.95450381e-09	2.25512406e-08	2.63465419e-08
-3.26303074e-08	1.77038611e-08	-2.00962953e-08
3.26303074e-08	1.77038611e-08	2.00962953e-08
-4.73262886e-08	1.153211e-08	-6.76785228e-09
4.73262886e-08	1.153211e-08	6.76785228e-09
4.65496646e-08	1.19434045e-08	-8.2809524e-09
-4.65496646e-08	1.19434045e-08	8.2809524e-09
4.88158637e-08	1.08171831e-08	0
-4.88158637e-08	1.08171831e-08	0
-2.82826718e-08	1.94775607e-08	-2.18049865e-08
2.82826718e-08	1.94775607e-08	2.18049865e-08
0	2.35724139e-08	-2.64568114e-08
0	2.35724139e-08	2.64568114e-08
-4.56194086e-08	1.28207374e-08	-9.57180082e-09
4.56194086e-08	1.28207374e-08	9.57180082e-09
1.43849919e-08	2.27422139e-08	-2.52845988e-08
-1.43849919e-08	2.27422139e-08	2.52845988e-08
-2.57796018e-09	2.38122296e-08	-2.63339982e-08
2.57796018e-09	2.38122296e-08	2.63339982e-08
-3.66616512e-08	1.70745537e-08	-1.76402342e-08
3.66616512e-08	1.70745537e-08	1.76402342e-08
-4.32509279e-08	1.43365719e-08	-1.23521325e-08
4.32509279e-08	1.43365719e-08	1.23521325e-08
-4.85405543e-08	1.16831811e-08	-1.62309314e-09
4.85405543e-08	1.16831811e-08	1.62309314e-09
4.84828309e-08	1.17684959e-08	-1.98250843e-09
-4.84828309e-08	1.17684959e-08	1.98250843e-09
2.97664398e-08	1.96989421e-08	-2.10078049e-08
-2.97664398e-08	1.96989421e-08	2.10078049e-08
3.45758155e-09	2.41161083e-08	-2.6197806e-08
-3.45758155e-09	2.41161083e-08	2.6197806e-08
-1.8906267e-08	2.26047238e-08	-2.42356892e-08
1.8906267e-08	2.26047238e-08	2.42356892e-08
-4.00681843e-08	1.64190219e-08	-1.49994759e-08
4.00681843e-08	1.64190219e-08	1.49994759e-08
4.81540688e-08	1.34605221e-08	0
-4.81540688e-08	1.34605221e-08	0
2.0184642e-08	2.37200178e-08	-2.3468676e-08
-2.0184642e-08	2.37200178e-08	2.3468676e-08
-4.75336833e-08	1.42086519e-08	-3.73078273e-09
4.75336833e-08	1.42086519e-08	3.73078273e-09
3.96306121e-08	1.78934253e-08	-1.48096715e-08
-3.96306121e-08	1.78934253e-08	1.48096715e-08
4.7277354e-08	1.43798067e-08	-4.57233694e-09
-4.7277354e-08	1.43798067e-08	4.57233694e-09
-4.78166112e-08	1.44277913e-08	-1.39563301e-09
4.78166112e-08	1.44277913e-08	1.39563301e-09
0	2.60870936e-08	-2.55931021e-08
0	2.60870936e-08	2.55931021e-08
4.77666064e-08	1.45026441e-08	-1.69966632e-09
-4.77666064e-08	1.45026441e-08	1.69966632e-09
4.31015805e-08	1.68818787e-08	-1.13407291e-08
-4.31015805e-08	1.68818787e-08	1.13407291e-08
-7.46960633e-09	2.59920197e-08	-2.52329777e-08
7.46960633e-09	2.59920197e-08	2.52329777e-08
-2.99505301e-09	2.63655984e-08	-2.54267292e-08
2.99505301e-09	2.63655984e-08	2.54267292e-08
-1.36750871e-08	2.55179045e-08	-2.44593188e-08
1.36750871e-08	2.55179045e-08	2.44593188e-08
-4.60300421e-08	1.59135538e-08	-6.78806675e-09
4.60300421e-08	1.59135538e-08	6.78806675e-09
3.53931516e-09	2.65481927e-08	-2.53329828e-08
-3.53931516e-09	2.65481927e-08	2.53329828e-08
4.51674139e-08	1.64613775e-08	-8.24706006e-09
-4.51674139e-08	1.64613775e-08	8.24706006e-09
-2.94878451e-08	2.25355158e-08	-2.0103291e-08
2.94878451e-08	2.25355158e-08	2.0103291e-08
-2.48940037e-08	2.38308397e-08	-2.17360686e-08
2.48940037e-08	2.38308397e-08	2.17360686e-08
3.39806841e-08	2.14298874e-08	-1.78601873e-08
-3.39806841e-08	2.14298874e-08	1.78601873e-08
4.73497269e-08	1.60624832e-08	0
-4.73497269e-08	1.60624832e-08	0
-3.37627032e-08	2.18349783e-08	-1.78323553e-08
3.37627032e-08	2.18349783e-08	1.78323553e-08
-4.39849985e-08	1.79700852e-08	-9.34144203e-09
4.39849985e-08	1.79700852e-08	9.34144203e-09
8.23912061e-09	2.72776956e-08	-2.46514892e-08
-8.23912061e-09	2.72776956e-08	2.46514892e-08
-4.70461033e-08	1.67160998e-08	-1.61400819e-09
4.70461033e-08	1.67160998e-08	1.61400819e-09
4.69683673e-08	1.68334299e-08	-1.95420594e-09
-4.69683673e-08	1.68334299e-08	1.95420594e-09
-3.74400911e-08	2.12328813e-08	-1.52664848e-08
3.74400911e-08	2.12328813e-08	1.52664848e-08
1.45994126e-08	2.74358643e-08	-2.35007868e-08
-1.45994126e-08	2.74358643e-08	2.35007868e-08
-4.05497171e-08	2.05284427e-08	-1.25039695e-08
4.05497171e-08	2.05284427e-08	1.25039695e-08
0	2.85627245e-08	-2.46231898e-08
0	2.85627245e-08	2.46231898e-08
-2.74126175e-09	2.86328831e-08	-2.45387786e-08
2.74126175e-09	2.86328831e-08	2.45387786e-08
2.59897252e-08	2.56163426e-08	-2.05085685e-08
-2.59897252e-08	2.56163426e-08	2.05085685e-08
-1.74484237e-08	2.75456569e-08	-2.27430021e-08
1.74484237e-08	2.75456569e-08	2.27430021e-08
3.63985418e-09	2.89409872e-08	-2.43659898e-08
-3.63985418e-09	2.89409872e-08	2.43659898e-08
4.6405463e-08	1.86153969e-08	0
-4.6405463e-08	1.86153969e-08	0
4.55331359e-08	1.92386545e-08	-4.51428563e-09
-4.55331359e-08	1.92386545e-08	4.51428563e-09
3.672191e-08	2.31903469e-08	-1.48638921e-08
-3.672191e-08	2.31903469e-08	1.48638921e-08
-4.56660453e-08	1.94963429e-08	-3.52445322e-09
4.56660453e-08	1.94963429e-08	3.52445322e-09
4.0580188e-08	2.17568896e-08	-1.16944001e-08
-4.0580188e-08	2.17568896e-08	1.16944001e-08
-4.42903634e-08	2.01974999e-08	-6.85221823e-09
4.42903634e-08	2.01974999e-08	6.85221823e-09
-4.59970395e-08	1.94791246e-08	-1.31946309e-09
4.59970395e-08	1.94791246e-08	1.31946309e-09
4.59517176e-08	1.95091206e-08	-1.67934194e-09
-4.59517176e-08	1.95091206e-08	1.67934194e-09
4.33146619e-08	2.08442142e-08	-8.25646228e-09
-4.33146619e-08	2.08442142e-08	8.25646228e-09
3.13584094e-08	2.53186654e-08	-1.7754479e-08
-3.13584094e-08	2.53186654e-08	1.7754479e-08
-2.65927398e-08	2.73189681e-08	-1.94097929e-08
2.65927398e-08	2.73189681e-08	1.94097929e-08
-2.16088523e-08	2.85321216e-08	-2.09482981e-08
2.16088523e-08	2.85321216e-08	2.09482981e-08
-3.04788084e-08	2.64719891e-08	-1.77002648e-08
3.04788084e-08	2.64719891e-08	1.77002648e-08
-1.20378286e-08	3.02928135e-08	-2.2748121e-08
1.20378286e-08	3.02928135e-08	2.2748121e-08
4.53243148e-08	2.11117618e-08	0
-4.53243148e-08	2.11117618e-08	0
0	3.09917671e-08	-2.35419569e-08
0	3.09917671e-08	2.35419569e-08
-3.2330677e-09	3.10757719e-08	-2.34218642e-08
3.2330677e-09	3.10757719e-08	2.34218642e-08
-4.51143873e-08	2.14206567e-08	-1.4508996e-09
4.51143873e-08	2.14206567e-08	1.4508996e-09
-7.48895199e-09	3.10655175e-08	-2.30734852e-08
7.48895199e-09	3.10655175e-08	2.30734852e-08
-3.44286893e-08	2.57670451e-08	-1.53055842e-08
3.44286893e-08	2.57670451e-08	1.53055842e-08
4.49249483e-08	2.17085389e-08	-1.94314413e-09
-4.49249483e-08	2.17085389e-08	1.94314413e-09
3.76134415e-09	3.12870995e-08	-2.32918245e-08
-3.76134415e-09	3.12870995e-08	2.32918245e-08
-3.77255228e-08	2.51880197e-08	-1.2619251e-08
3.77255228e-08	2.51880197e-08	1.2619251e-08
2.14800008e-08	2.99241945e-08	-2.02863198e-08
-2.14800008e-08	2.99241945e-08	2.02863198e-08
8.57803975e-09	3.18606817e-08	-2.25404772e-08
-8.57803975e-09	3.18606817e-08	2.25404772e-08
-4.02960138e-08	2.4589808e-08	-9.88767625e-09
4.02960138e-08	2.4589808e-08	9.88767625e-09
-4.21175687e-08	2.43280196e-08	-6.95218187e-09
4.21175687e-08	2.43280196e-08	6.95218187e-09
1.50972049e-08	3.1623255e-08	-2.13994367e-08
-1.50972049e-08	3.1623255e-08	2.13994367e-08
4.41097212e-08	2.35442667e-08	0
-4.41097212e-08	2.35442667e-08	0
4.09929662e-08	2.50677544e-08	-8.29616713e-09
-4.09929662e-08	2.50677544e-08	8.29616713e-09
-4.38329134e-08	2.39012872e-08	-1.63263664e-09
4.38329134e-08	2.39012872e-08	1.63263664e-09
2.71068322e-08	2.96271546e-08	-1.78740731e-08
-2.71068322e-08	2.96271546e-08	1.78740731e-08
4.30506453e-08	2.4423462e-08	-4.24842526e-09
-4.30506453e-08	2.4423462e-08	4.24842526e-09
-4.31772241e-08	2.44057141e-08	-3.79892567e-09
4.31772241e-08	2.44057141e-08	3.79892567e-09
3.77942022e-08	2.65923981e-08	-1.14542286e-08
-3.77942022e-08	2.65923981e-08	1.14542286e-08
4.35734442e-08	2.43513665e-08	-1.73543289e-09
-4.35734442e-08	2.43513665e-08	1.73543289e-09
-1.55993318e-08	3.21790813e-08	-2.09671249e-08
1.55993318e-08	3.21790813e-08	2.09671249e-08
0	3.33651617e-08	-2.23435842e-08
0	3.33651617e-08	2.23435842e-08
-3.38679743e-09	3.3353514e-08	-2.22572724e-08
3.38679743e-09	3.3353514e-08	2.22572724e-08
-2.20886101e-08	3.13784906e-08	-1.92326313e-08
2.20886101e-08	3.13784906e-08	1.92326313e-08
3.90646316e-09	3.3577763e-08	-2.21047148e-08
-3.90646316e-09	3.3577763e-08	2.21047148e-08
3.19474424e-08	2.93652135e-08	-1.49042362e-08
-3.19474424e-08	2.93652135e-08	1.49042362e-08
-2.6727908e-08	3.08302723e-08	-1.73389956e-08
2.6727908e-08	3.08302723e-08	1.73389956e-08
4.27655106e-08	2.59058121e-08	0
-4.27655106e-08	2.59058121e-08	0
-4.25356975e-08	2.61747291e-08	-1.41960474e-09
4.25356975e-08	2.61747291e-08	1.41960474e-09
-3.08509567e-08	3.02748067e-08	-1.50796432e-08
3.08509567e-08	3.02748067e-08	1.50796432e-08
4.24407004e-08	2.6302304e-08	-1.58469954e-09
-4.24407004e-08	2.6302304e-08	1.58469954e-09
-3.44089046e-08	2.96176793e-08	-1.25688237e-08
3.44089046e-08	2.96176793e-08	1.25688237e-08
-8.50519044e-09	3.47835726e-08	-2.09378923e-08
8.50519044e-09	3.47835726e-08	2.09378923e-08
1.65501059e-08	3.40678893e-08	-1.95849495e-08
-1.65501059e-08	3.40678893e-08	1.95849495e-08
-3.7220077e-08	2.90861252e-08	-9.83456903e-09
3.7220077e-08	2.90861252e-08	9.83456903e-09
-3.95125612e-08	2.82707543e-08	-7.08716475e-09
3.95125612e-08	2.82707543e-08	7.08716475e-09
-3.56831487e-09	3.55666962e-08	-2.09766492e-08
3.56831487e-09	3.55666962e-08	2.09766492e-08
0	3.56719015e-08	-2.10215499e-08
0	3.56719015e-08	2.10215499e-08
3.82228907e-08	2.90666585e-08	-8.36004771e-09
-3.82228907e-08	2.90666585e-08	8.36004771e-09
4.07845823e-09	3.58024858e-08	-2.07980131e-08
-4.07845823e-09	3.58024858e-08	2.07980131e-08
2.24784876e-08	3.36563327e-08	-1.76155838e-08
-2.24784876e-08	3.36563327e-08	1.76155838e-08
4.12958877e-08	2.8189531e-08	0
-4.12958877e-08	2.8189531e-08	0
-4.1078642e-08	2.8370037e-08	-1.66343678e-09
4.1078642e-08	2.8370037e-08	1.66343678e-09
-4.04263983e-08	2.86954001e-08	-3.90139988e-09
4.04263983e-08	2.86954001e-08	3.90139988e-09
4.09215602e-08	2.85451201e-08	-1.95364543e-09
-4.09215602e-08	2.85451201e-08	1.95364543e-09
3.99694423e-08	2.90654234e-08	-4.55545224e-09
-3.99694423e-08	2.90654234e-08	4.55545224e-09
9.15572581e-09	3.59789957e-08	-2.00949357e-08
-9.15572581e-09	3.59789957e-08	2.00949357e-08
-1.78152514e-08	3.5371103e-08	-1.83123095e-08
1.78152514e-08	3.5371103e-08	1.83123095e-08
2.75930856e-08	3.34004467e-08	-1.49763628e-08
-2.75930856e-08	3.34004467e-08	1.49763628e-08
-2.26136693e-08	3.48709074e-08	-1.66778607e-08
2.26136693e-08	3.48709074e-08	1.66778607e-08
3.97054194e-08	3.03888083e-08	0
-3.97054194e-08	3.03888083e-08	0
3.19459328e-08	3.29613122e-08	-1.1894677e-08
-3.19459328e-08	3.29613122e-08	1.1894677e-08
-3.95279485e-08	3.05233895e-08	-1.45293891e-09
3.95279485e-08	3.05233895e-08	1.45293891e-09
-2.69325037e-08	3.43632717e-08	-1.46208785e-08
2.69325037e-08	3.43632717e-08	1.46208785e-08
3.93893407e-08	3.0668196e-08	-1.69084965e-09
-3.93893407e-08	3.0668196e-08	1.69084965e-09
-3.2142233e-09	3.76856796e-08	-1.96215442e-08
3.2142233e-09	3.76856796e-08	1.96215442e-08
-3.64744828e-08	3.19908725e-08	-7.25469683e-09
3.64744828e-08	3.19908725e-08	7.25469683e-09
0	3.78984838e-08	-1.95686937e-08
0	3.78984838e-08	1.95686937e-08
-3.07387673e-08	3.37865143e-08	-1.22022896e-08
3.07387673e-08	3.37865143e-08	1.22022896e-08
4.281132e-09	3.79486175e-08	-1.93640585e-08
-4.281132e-09	3.79486175e-08	1.93640585e-08
-3.3829025e-08	3.31370525e-08	-9.62869744e-09
3.3829025e-08	3.31370525e-08	9.62869744e-09
3.49986503e-08	3.28150046e-08	-8.44850178e-09
-3.49986503e-08	3.28150046e-08	8.44850178e-09
1.76119266e-08	3.73822652e-08	-1.68896141e-08
-1.76119266e-08	3.73822652e-08	1.68896141e-08
-3.72757526e-08	3.26501281e-08	-4.00193272e-09
3.72757526e-08	3.26501281e-08	4.00193272e-09
-3.78700989e-08	3.25231704e-08	-1.7075242e-09
3.78700989e-08	3.25231704e-08	1.7075242e-09
3.7999019e-08	3.24973007e-08	0
-3.7999019e-08	3.24973007e-08	0
3.76716283e-08	3.27107905e-08	-1.97659777e-09
-3.76716283e-08	3.27107905e-08	1.97659777e-09
3.66813324e-08	3.30838878e-08	-4.64510922e-09
-3.66813324e-08	3.30838878e-08	4.64510922e-09
2.31565816e-08	3.69639673e-08	-1.46655251e-08
-2.31565816e-08	3.69639673e-08	1.46655251e-08
-9.07305789e-09	3.8941976e-08	-1.80120173e-08
9.07305789e-09	3.8941976e-08	1.80120173e-08
-2.75682248e-08	3.62595875e-08	-1.23727405e-08
2.75682248e-08	3.62595875e-08	1.23727405e-08
-4.03282486e-09	3.97482192e-08	-1.80381136e-08
4.03282486e-09	3.97482192e-08	1.80381136e-08
1.04046717e-08	3.94659362e-08	-1.73293326e-08
-1.04046717e-08	3.94659362e-08	1.73293326e-08
0	4.00282193e-08	-1.79774024e-08
0	4.00282193e-08	1.79774024e-08
2.76794158e-08	3.67578735e-08	-1.17377649e-08
-2.76794158e-08	3.67578735e-08	1.17377649e-08
4.51869213e-09	4.00008289e-08	-1.7793972e-08
-4.51869213e-09	4.00008289e-08	1.7793972e-08
-3.60856045e-08	3.45203647e-08	-1.49080054e-09
3.60856045e-08	3.45203647e-08	1.49080054e-09
3.61819306e-08	3.45089539e-08	0
-3.61819306e-08	3.45089539e-08	0
3.59040087e-08	3.46800742e-08	-1.71757406e-09
-3.59040087e-08	3.46800742e-08	1.71757406e-09
3.13173958e-08	3.62756518e-08	-8.55495238e-09
-3.13173958e-08	3.62756518e-08	8.55495238e-09
-3.28861482e-08	3.61047501e-08	-6.43283606e-09
3.28861482e-08	3.61047501e-08	6.43283606e-09
-1.46107922e-08	4.00399178e-08	-1.56843458e-08
1.46107922e-08	4.00399178e-08	1.56843458e-08
-3.01037426e-08	3.71248303e-08	-8.80818919e-09
3.01037426e-08	3.71248303e-08	8.80818919e-09
-3.36679071e-08	3.63664148e-08	-3.97795501e-09
3.36679071e-08	3.63664148e-08	3.97795501e-09
-3.42428407e-08	3.63150119e-08	-1.76442542e-09
3.42428407e-08	3.63150119e-08	1.76442542e-09
3.30114888e-08	3.67188605e-08	-4.72314288e-09
-3.30114888e-08	3.67188605e-08	4.72314288e-09
-1.91963515e-08	3.98281408e-08	-1.40099588e-08
1.91963515e-08	3.98281408e-08	1.40099588e-08
3.42597114e-08	3.64180199e-08	0
-3.42597114e-08	3.64180199e-08	0
3.3998565e-08	3.65083346e-08	-2.01148459e-09
-3.3998565e-08	3.65083346e-08	2.01148459e-09
1.81128623e-08	4.02705047e-08	-1.40739419e-08
-1.81128623e-08	4.02705047e-08	1.40739419e-08
-4.32617141e-09	4.16842518e-08	-1.63625995e-08
4.32617141e-09	4.16842518e-08	1.63625995e-08
-2.31760569e-08	3.96384181e-08	-1.1874335e-08
2.31760569e-08	3.96384181e-08	1.1874335e-08
4.79531063e-09	4.1940513e-08	-1.60772949e-08
-4.79531063e-09	4.1940513e-08	1.60772949e-08
0	4.2040389e-08	-1.62400138e-08
0	4.2040389e-08	1.62400138e-08
2.30248476e-08	4.00390491e-08	-1.14901322e-08
-2.30248476e-08	4.00390491e-08	1.14901322e-08
-2.64409106e-08	3.94479186e-08	-9.38650026e-09
2.64409106e-08	3.94479186e-08	9.38650026e-09
-3.22244654e-08	3.81478366e-08	-1.50913869e-09
3.22244654e-08	3.81478366e-08	1.50913869e-09
3.22382137e-08	3.82190735e-08	0
-3.22382137e-08	3.82190735e-08	0
3.20199827e-08	3.82916088e-08	-1.74654714e-09
-3.20199827e-08	3.82916088e-08	1.74654714e-09
2.69401701e-08	3.96509927e-08	-8.52815131e-09
-2.69401701e-08	3.96509927e-08	8.52815131e-09
-2.9913257e-08	3.9430381e-08	-4.26135641e-09
2.9913257e-08	3.9430381e-08	4.26135641e-09
-9.66458009e-09	4.29280174e-08	-1.42464464e-08
9.66458009e-09	4.29280174e-08	1.42464464e-08
2.89102224e-08	4.00036633e-08	-4.79647235e-09
-2.89102224e-08	4.00036633e-08	4.79647235e-09
-3.02358851e-08	3.97044741e-08	-1.8342723e-09
3.02358851e-08	3.97044741e-08	1.8342723e-09
-4.66683267e-09	4.34900416e-08	-1.45348307e-08
4.66683267e-09	4.34900416e-08	1.45348307e-08
-1.4342104e-08	4.27327429e-08	-1.29829898e-08
1.4342104e-08	4.27327429e-08	1.29829898e-08
2.99419927e-08	3.9896231e-08	-2.05825575e-09
-2.99419927e-08	3.9896231e-08	2.05825575e-09
3.01235661e-08	3.99070265e-08	0
-3.01235661e-08	3.99070265e-08	0
1.0984665e-08	4.32492459e-08	-1.35344875e-08
-1.0984665e-08	4.32492459e-08	1.35344875e-08
5.11405781e-09	4.37451589e-08	-1.42012216e-08
-5.11405781e-09	4.37451589e-08	1.42012216e-08
0	4.39092914e-08	-1.43495883e-08
0	4.39092914e-08	1.43495883e-08
-1.85331106e-08	4.25701057e-08	-1.11333538e-08
1.85331106e-08	4.25701057e-08	1.11333538e-08
1.62483018e-08	4.32232432e-08	-1.15059904e-08
-1.62483018e-08	4.32232432e-08	1.15059904e-08
-2.20043046e-08	4.24077782e-08	-8.84650971e-09
2.20043046e-08	4.24077782e-08	8.84650971e-09
-2.80637605e-08	4.129626e-08	-1.59246109e-09
2.80637605e-08	4.129626e-08	1.59246109e-09
2.77827454e-08	4.14249802e-08	-2.08624678e-09
-2.77827454e-08	4.14249802e-08	2.08624678e-09
-2.61879431e-08	4.1831766e-08	-4.8110494e-09
2.61879431e-08	4.1831766e-08	4.8110494e-09
2.79221538e-08	4.14771422e-08	0
-2.79221538e-08	4.14771422e-08	0
2.2375724e-08	4.26542327e-08	-8.04857915e-09
-2.2375724e-08	4.26542327e-08	8.04857915e-09
-4.77321473e-09	4.52133781e-08	-1.24847134e-08
4.77321473e-09	4.52133781e-08	1.24847134e-08
2.43973275e-08	4.29053831e-08	-4.7961926e-09
-2.43973275e-08	4.29053831e-08	4.7961926e-09
-2.5889915e-08	4.26555419e-08	-1.9178475e-09
2.5889915e-08	4.26555419e-08	1.9178475e-09
-9.31221701e-09	4.51524036e-08	-1.16118691e-08
9.31221701e-09	4.51524036e-08	1.16118691e-08
2.55429529e-08	4.28381009e-08	-2.11747071e-09
-2.55429529e-08	4.28381009e-08	2.11747071e-09
5.4744266e-09	4.53878188e-08	-1.21487267e-08
-5.4744266e-09	4.53878188e-08	1.21487267e-08
0	4.56033299e-08	-1.23012628e-08
0	4.56033299e-08	1.23012628e-08
2.56405981e-08	4.29250478e-08	0
-2.56405981e-08	4.29250478e-08	0
-1.36628705e-08	4.5013876e-08	-1.0166007e-08
1.36628705e-08	4.5013876e-08	1.0166007e-08
1.74409933e-08	4.46238425e-08	-8.58072227e-09
-1.74409933e-08	4.46238425e-08	8.58072227e-09
1.07024999e-08	4.5483699e-08	-1.06774653e-08
-1.07024999e-08	4.5483699e-08	1.06774653e-08
-1.73004618e-08	4.49354172e-08	-8.08336737e-09
1.73004618e-08	4.49354172e-08	8.08336737e-09
-2.36809028e-08	4.39416206e-08	-1.73365971e-09
2.36809028e-08	4.39416206e-08	1.73365971e-09
2.32273204e-08	4.41319174e-08	-2.15210695e-09
-2.32273204e-08	4.41319174e-08	2.15210695e-09
2.32857359e-08	4.42467457e-08	0
-2.32857359e-08	4.42467457e-08	0
-2.01915778e-08	4.50406481e-08	-4.78648866e-09
2.01915778e-08	4.50406481e-08	4.78648866e-09
1.95926839e-08	4.52755064e-08	-4.88383992e-09
-1.95926839e-08	4.52755064e-08	4.88383992e-09
-4.77269069e-09	4.67646258e-08	-1.02227605e-08
4.77269069e-09	4.67646258e-08	1.02227605e-08
-2.12436143e-08	4.51376926e-08	-2.01671023e-09
2.12436143e-08	4.51376926e-08	2.01671023e-09
5.48331964e-09	4.68995418e-08	-9.86568929e-09
-5.48331964e-09	4.68995418e-08	9.86568929e-09
2.08398622e-08	4.5303124e-08	-2.19037792e-09
-2.08398622e-08	4.5303124e-08	2.19037792e-09
0	4.70845119e-08	-1.00944315e-08
0	4.70845119e-08	1.00944315e-08
2.08645976e-08	4.54386242e-08	0
-2.08645976e-08	4.54386242e-08	0
-8.61968129e-09	4.69304143e-08	-8.96467691e-09
8.61968129e-09	4.69304143e-08	8.96467691e-09
-1.25026652e-08	4.68853836e-08	-7.23601403e-09
1.25026652e-08	4.68853836e-08	7.23601403e-09
-1.88173282e-08	4.61949761e-08	-2.07259341e-09
1.88173282e-08	4.61949761e-08	2.07259341e-09
9.55249303e-09	4.73021634e-08	-7.85187096e-09
-9.55249303e-09	4.73021634e-08	7.85187096e-09
1.83832641e-08	4.63487939e-08	-2.23252472e-09
-1.83832641e-08	4.63487939e-08	2.23252472e-09
1.83843858e-08	4.64974661e-08	0
-1.83843858e-08	4.64974661e-08	0
1.37960714e-08	4.71195866e-08	-5.67350608e-09
-1.37960714e-08	4.71195866e-08	5.67350608e-09
-1.49050233e-08	4.71001907e-08	-4.62476324e-09
1.49050233e-08	4.71001907e-08	4.62476324e-09
-1.63240994e-08	4.71262498e-08	-2.1331972e-09
1.63240994e-08	4.71262498e-08	2.1331972e-09
1.58576468e-08	4.72663872e-08	-2.27871113e-09
-1.58576468e-08	4.72663872e-08	2.27871113e-09
0	4.83090788e-08	-7.73588036e-09
0	4.83090788e-08	7.73588036e-09
-3.28593851e-09	4.82968227e-08	-7.50886346e-09
3.28593851e-09	4.82968227e-08	7.50886346e-09
1.58524525e-08	4.74204571e-08	0
-1.58524525e-08	4.74204571e-08	0
-1.37603214e-08	4.79293892e-08	-2.1985893e-09
1.37603214e-08	4.79293892e-08	2.1985893e-09
-9.75106277e-09	4.83486206e-08	-4.92320598e-09
9.75106277e-09	4.83486206e-08	4.92320598e-09
1.32579455e-08	4.80537581e-08	-2.32868127e-09
-1.32579455e-08	4.80537581e-08	2.32868127e-09
1.32762767e-08	4.82051914e-08	0
-1.32762767e-08	4.82051914e-08	0
8.35014054e-09	4.86684524e-08	-4.7113144e-09
-8.35014054e-09	4.86684524e-08	4.7113144e-09
-4.70717205e-09	4.89457662e-08	-5.43834725e-09
4.70717205e-09	4.89457662e-08	5.43834725e-09
-1.11128761e-08	4.86026671e-08	-2.26770919e-09
1.11128761e-08	4.86026671e-08	2.26770919e-09
1.05677255e-08	4.87091606e-08	-2.38048491e-09
-1.05677255e-08	4.87091606e-08	2.38048491e-09
0	4.92303367e-08	-5.24353148e-09
0	4.92303367e-08	5.24353148e-09
1.06634411e-08	4.88496778e-08	0
-1.06634411e-08	4.88496778e-08	0
-8.3458016e-09	4.91447586e-08	-2.33463198e-09
8.3458016e-09	4.91447586e-08	2.33463198e-09
7.80569579e-09	4.92810288e-08	-1.93970949e-09
-7.80569579e-09	4.92810288e-08	1.93970949e-09
8.02160962e-09	4.93523432e-08	0
-8.02160962e-09	4.93523432e-08	0
-5.3605309e-09	4.95547455e-08	-2.36919518e-09
5.3605309e-09	4.95547455e-08	2.36919518e-09
4.66045447e-09	4.96191025e-08	-2.41680338e-09
-4.66045447e-09	4.96191025e-08	2.41680338e-09
0	4.98046252e-08	-2.6494815e-09
0	4.98046252e-08	2.6494815e-09
5.35850368e-09	4.97120351e-08	0
-5.35850368e-09	4.97120351e-08	0
2.68187923e-09	4.99280234e-08	0
-2.68187923e-09	4.99280234e-08	0
0	5e-08	0
