0	-5e-08	0
2.81792168e-09	-4.992053e-08	0
-2.81792168e-09	-4.992053e-08	0
0	-4.98744856e-08	-2.83246137e-09
0	-4.98744856e-08	2.83246137e-09
5.62996243e-09	-4.96820241e-08	0
-5.62996243e-09	-4.96820241e-08	0
0	-4.94999681e-08	-5.64287328e-09
0	-4.94999681e-08	5.64287328e-09
5.2594344e-09	-4.94090242e-08	-4.46043391e-09
-5.2594344e-09	-4.94090242e-08	4.46043391e-09
-5.4016239e-09	-4.93898409e-08	-4.48757014e-09
5.4016239e-09	-4.93898409e-08	4.48757014e-09
8.42708546e-09	-4.92847261e-08	0
-8.42708546e-09	-4.92847261e-08	0
0	-4.88823625e-08	-8.41007548e-09
0	-4.88823625e-08	8.41007548e-09
8.44340919e-09	-4.91079106e-08	-3.31029456e-09
-8.44340919e-09	-4.91079106e-08	3.31029456e-09
-8.7563765e-09	-4.9057995e-08	-3.2632739e-09
8.7563765e-09	-4.9057995e-08	3.2632739e-09
5.07822153e-09	-4.86267883e-08	-8.37700205e-09
-5.07822153e-09	-4.86267883e-08	8.37700205e-09
-4.78548626e-09	-4.85838781e-08	-8.64244061e-09
4.78548626e-09	-4.85838781e-08	8.64244061e-09
1.12002537e-08	-4.87293989e-08	0
-1.12002537e-08	-4.87293989e-08	0
0	-4.80310177e-08	-1.11145694e-08
0	-4.80310177e-08	1.11145694e-08
1.13711654e-08	-4.8522213e-08	-3.22901285e-09
-1.13711654e-08	-4.8522213e-08	3.22901285e-09
-1.16557578e-08	-4.84611087e-08	-3.16624775e-09
1.16557578e-08	-4.84611087e-08	3.16624775e-09
4.88386926e-09	-4.77457355e-08	-1.12140643e-08
-4.88386926e-09	-4.77457355e-08	1.12140643e-08
-4.7708026e-09	-4.76564583e-08	-1.14849863e-08
4.7708026e-09	-4.76564583e-08	1.14849863e-08
1.03341255e-08	-4.80765805e-08	-7.23760211e-09
-1.03341255e-08	-4.80765805e-08	7.23760211e-09
-1.11321187e-08	-4.79515757e-08	-7.00730249e-09
1.11321187e-08	-4.79515757e-08	7.00730249e-09
-9.21524106e-09	-4.75013032e-08	-1.00782704e-08
9.21524106e-09	-4.75013032e-08	1.00782704e-08
0	-4.69580511e-08	-1.37390874e-08
0	-4.69580511e-08	1.37390874e-08
1.39404602e-08	-4.80173257e-08	0
-1.39404602e-08	-4.80173257e-08	0
1.42745677e-08	-4.7800112e-08	-2.69945274e-09
-1.42745677e-08	-4.7800112e-08	2.69945274e-09
-1.44267189e-08	-4.77197574e-08	-3.06667663e-09
1.44267189e-08	-4.77197574e-08	3.06667663e-09
4.6762463e-09	-4.66647963e-08	-1.38686294e-08
-4.6762463e-09	-4.66647963e-08	1.38686294e-08
-4.54176992e-09	-4.65641366e-08	-1.41116352e-08
4.54176992e-09	-4.65641366e-08	1.41116352e-08
0	-4.56775777e-08	-1.6268918e-08
0	-4.56775777e-08	1.6268918e-08
1.66387583e-08	-4.71503099e-08	0
-1.66387583e-08	-4.71503099e-08	0
-9.58795545e-09	-4.59411056e-08	-1.37982242e-08
9.58795545e-09	-4.59411056e-08	1.37982242e-08
1.68624095e-08	-4.69151399e-08	-3.05980886e-09
-1.68624095e-08	-4.69151399e-08	3.05980886e-09
4.47769004e-09	-4.53953936e-08	-1.6379666e-08
-4.47769004e-09	-4.53953936e-08	1.6379666e-08
-1.59664648e-08	-4.66428739e-08	-6.67001982e-09
1.59664648e-08	-4.66428739e-08	6.67001982e-09
-1.71064664e-08	-4.68354562e-08	-2.97282103e-09
1.71064664e-08	-4.68354562e-08	2.97282103e-09
-4.32501708e-09	-4.52861193e-08	-1.65980553e-08
4.32501708e-09	-4.52861193e-08	1.65980553e-08
-1.42737083e-08	-4.61467178e-08	-1.03302798e-08
1.42737083e-08	-4.61467178e-08	1.03302798e-08
1.64522175e-08	-4.63262301e-08	-7.29733974e-09
-1.64522175e-08	-4.63262301e-08	7.29733974e-09
9.88482289e-09	-4.48001053e-08	-1.59045319e-08
-9.88482289e-09	-4.48001053e-08	1.59045319e-08
0	-4.42049424e-08	-1.86919972e-08
0	-4.42049424e-08	1.86919972e-08
1.92862923e-08	-4.61306723e-08	0
-1.92862923e-08	-4.61306723e-08	0
1.47111549e-08	-4.50663605e-08	-1.27148435e-08
-1.47111549e-08	-4.50663605e-08	1.27148435e-08
3.60546633e-09	-4.3964331e-08	-1.88321124e-08
-3.60546633e-09	-4.3964331e-08	1.88321124e-08
1.94813968e-08	-4.58973105e-08	-2.98391112e-09
-1.94813968e-08	-4.58973105e-08	2.98391112e-09
-4.12408811e-09	-4.38352728e-08	-1.89561304e-08
4.12408811e-09	-4.38352728e-08	1.89561304e-08
-1.97702494e-08	-4.58191413e-08	-2.49717066e-09
1.97702494e-08	-4.58191413e-08	2.49717066e-09
-1.3788012e-08	-4.4235265e-08	-1.50334465e-08
1.3788012e-08	-4.4235265e-08	1.50334465e-08
-9.20719261e-09	-4.30799429e-08	-1.89203995e-08
9.20719261e-09	-4.30799429e-08	1.89203995e-08
0	-4.25560316e-08	-2.09988065e-08
0	-4.25560316e-08	2.09988065e-08
2.18743277e-08	-4.49612476e-08	0
-2.18743277e-08	-4.49612476e-08	0
-1.78088379e-08	-4.40534e-08	-1.24487619e-08
1.78088379e-08	-4.40534e-08	1.24487619e-08
4.12240773e-09	-4.23440114e-08	-2.10141355e-08
-4.12240773e-09	-4.23440114e-08	2.10141355e-08
2.11645189e-08	-4.45503668e-08	-6.56428935e-09
-2.11645189e-08	-4.45503668e-08	6.56428935e-09
2.2024464e-08	-4.47398067e-08	-2.914535e-09
-2.2024464e-08	-4.47398067e-08	2.914535e-09
-3.93969862e-09	-4.22249465e-08	-2.11891695e-08
3.93969862e-09	-4.22249465e-08	2.11891695e-08
-2.22346619e-08	-4.46465367e-08	-2.80645815e-09
2.22346619e-08	-4.46465367e-08	2.80645815e-09
1.98377749e-08	-4.35514254e-08	-1.15858128e-08
-1.98377749e-08	-4.35514254e-08	1.15858128e-08
-2.24559607e-08	-4.38517962e-08	-6.82347941e-09
2.24559607e-08	-4.38517962e-08	6.82347941e-09
9.5591014e-09	-4.16735925e-08	-2.07373714e-08
-9.5591014e-09	-4.16735925e-08	2.07373714e-08
0	-4.07467122e-08	-2.31821372e-08
0	-4.07467122e-08	2.31821372e-08
-1.4255097e-08	-4.17779329e-08	-1.87854672e-08
1.4255097e-08	-4.17779329e-08	1.87854672e-08
1.80280891e-08	-4.23012009e-08	-1.57092871e-08
-1.80280891e-08	-4.23012009e-08	1.57092871e-08
2.43942818e-08	-4.36453779e-08	0
-2.43942818e-08	-4.36453779e-08	0
3.41561977e-09	-4.0559538e-08	-2.32311159e-08
-3.41561977e-09	-4.0559538e-08	2.32311159e-08
-3.77170737e-09	-4.04685585e-08	-2.32973131e-08
3.77170737e-09	-4.04685585e-08	2.32973131e-08
2.44902905e-08	-4.34456271e-08	-2.85131861e-09
-2.44902905e-08	-4.34456271e-08	2.85131861e-09
-2.47679883e-08	-4.33300274e-08	-2.40738569e-09
2.47679883e-08	-4.33300274e-08	2.40738569e-09
-8.18053586e-09	-4.03063533e-08	-2.274698e-08
8.18053586e-09	-4.03063533e-08	2.274698e-08
-1.86916998e-08	-4.15656491e-08	-1.64519601e-08
1.86916998e-08	-4.15656491e-08	1.64519601e-08
0	-3.8792414e-08	-2.5236781e-08
0	-3.8792414e-08	2.5236781e-08
-2.24890201e-08	-4.13462161e-08	-1.34992595e-08
2.24890201e-08	-4.13462161e-08	1.34992595e-08
3.82628766e-09	-3.86998418e-08	-2.51419238e-08
-3.82628766e-09	-3.86998418e-08	2.51419238e-08
2.68377535e-08	-4.21869054e-08	0
-2.68377535e-08	-4.21869054e-08	0
2.60261124e-08	-4.19517369e-08	-6.33432526e-09
-2.60261124e-08	-4.19517369e-08	6.33432526e-09
-3.6196624e-09	-3.85792756e-08	-2.52797157e-08
3.6196624e-09	-3.85792756e-08	2.52797157e-08
2.68750937e-08	-4.20182466e-08	-2.79385532e-09
-2.68750937e-08	-4.20182466e-08	2.79385532e-09
1.7561353e-08	-3.97739097e-08	-1.97526299e-08
-1.7561353e-08	-3.97739097e-08	1.97526299e-08
-2.70539711e-08	-4.19162723e-08	-2.66638469e-09
2.70539711e-08	-4.19162723e-08	2.66638469e-09
2.47012792e-08	-4.11360607e-08	-1.12476506e-08
-2.47012792e-08	-4.11360607e-08	1.12476506e-08
-1.43818269e-08	-3.89012656e-08	-2.23407013e-08
1.43818269e-08	-3.89012656e-08	2.23407013e-08
9.23298417e-09	-3.80285238e-08	-2.48976578e-08
-9.23298417e-09	-3.80285238e-08	2.48976578e-08
-2.55087872e-08	-4.08519009e-08	-1.07457593e-08
2.55087872e-08	-4.08519009e-08	1.07457593e-08
-2.72934498e-08	-4.1057354e-08	-6.66267336e-09
2.72934498e-08	-4.1057354e-08	6.66267336e-09
-1.91211955e-08	-3.86588783e-08	-2.02365374e-08
1.91211955e-08	-3.86588783e-08	2.02365374e-08
0	-3.67078463e-08	-2.71591931e-08
0	-3.67078463e-08	2.71591931e-08
3.69986429e-09	-3.66885934e-08	-2.70141666e-08
-3.69986429e-09	-3.66885934e-08	2.70141666e-08
2.26003472e-08	-3.90951744e-08	-1.71728464e-08
-2.26003472e-08	-3.90951744e-08	1.71728464e-08
-3.48298122e-09	-3.65697859e-08	-2.71354481e-08
3.48298122e-09	-3.65697859e-08	2.71354481e-08
-7.67847303e-09	-3.66394825e-08	-2.651598e-08
7.67847303e-09	-3.66394825e-08	2.651598e-08
2.9196553e-08	-4.05901625e-08	0
-2.9196553e-08	-4.05901625e-08	0
2.91738312e-08	-4.04616061e-08	-2.74179577e-09
-2.91738312e-08	-4.04616061e-08	2.74179577e-09
-2.94287955e-08	-4.03192966e-08	-2.30482133e-09
2.94287955e-08	-4.03192966e-08	2.30482133e-09
-2.33612018e-08	-3.84100975e-08	-1.75073682e-08
2.33612018e-08	-3.84100975e-08	1.75073682e-08
1.67386297e-08	-3.67083419e-08	-2.36279957e-08
-1.67386297e-08	-3.67083419e-08	2.36279957e-08
-1.35401131e-08	-3.55347134e-08	-2.59716705e-08
1.35401131e-08	-3.55347134e-08	2.59716705e-08
0	-3.45068304e-08	-2.89471647e-08
0	-3.45068304e-08	2.89471647e-08
3.58729222e-09	-3.45678144e-08	-2.87577194e-08
-3.58729222e-09	-3.45678144e-08	2.87577194e-08
2.65407199e-08	-3.78728619e-08	-1.52049785e-08
-2.65407199e-08	-3.78728619e-08	1.52049785e-08
-3.36103192e-09	-3.44521521e-08	-2.88638479e-08
3.36103192e-09	-3.44521521e-08	2.88638479e-08
8.2672873e-09	-3.46652872e-08	-2.80567405e-08
-8.2672873e-09	-3.46652872e-08	2.80567405e-08
3.05043106e-08	-3.8873228e-08	-6.11145449e-09
-3.05043106e-08	-3.8873228e-08	6.11145449e-09
2.91466006e-08	-3.82884608e-08	-1.08655624e-08
-2.91466006e-08	-3.82884608e-08	1.08655624e-08
3.1462731e-08	-3.88599609e-08	0
-3.1462731e-08	-3.88599609e-08	0
-2.76528295e-08	-3.77176526e-08	-1.41466537e-08
2.76528295e-08	-3.77176526e-08	1.41466537e-08
3.13808281e-08	-3.87801012e-08	-2.69486993e-09
-3.13808281e-08	-3.87801012e-08	2.69486993e-09
-3.15302253e-08	-3.86741577e-08	-2.54927949e-09
3.15302253e-08	-3.86741577e-08	2.54927949e-09
2.20734676e-08	-3.61697556e-08	-2.12340979e-08
-2.20734676e-08	-3.61697556e-08	2.12340979e-08
-3.12965355e-08	-3.82366369e-08	-6.11811528e-09
3.12965355e-08	-3.82366369e-08	6.11811528e-09
-2.37238767e-08	-3.51111061e-08	-2.12322457e-08
2.37238767e-08	-3.51111061e-08	2.12322457e-08
1.56446816e-08	-3.35409334e-08	-2.68953495e-08
-1.56446816e-08	-3.35409334e-08	2.68953495e-08
-7.27641962e-09	-3.25831538e-08	-2.97766814e-08
7.27641962e-09	-3.25831538e-08	2.97766814e-08
3.48810249e-09	-3.23490474e-08	-3.03723271e-08
-3.48810249e-09	-3.23490474e-08	3.03723271e-08
0	-3.22022217e-08	-3.05995233e-08
0	-3.22022217e-08	3.05995233e-08
-3.25318401e-09	-3.22377309e-08	-3.04646208e-08
3.25318401e-09	-3.22377309e-08	3.04646208e-08
-3.09456926e-08	-3.6767779e-08	-1.10415806e-08
3.09456926e-08	-3.6767779e-08	1.10415806e-08
2.68453072e-08	-3.53841929e-08	-1.83702085e-08
-2.68453072e-08	-3.53841929e-08	1.83702085e-08
3.34651426e-08	-3.70426364e-08	-2.25243907e-09
-3.34651426e-08	-3.70426364e-08	2.25243907e-09
3.36286075e-08	-3.70015778e-08	0
-3.36286075e-08	-3.70015778e-08	0
-3.36066256e-08	-3.69261776e-08	-2.12446672e-09
3.36066256e-08	-3.69261776e-08	2.12446672e-09
-1.27844387e-08	-3.20394834e-08	-2.89554652e-08
1.27844387e-08	-3.20394834e-08	2.89554652e-08
-2.76636693e-08	-3.47941018e-08	-1.83144425e-08
2.76636693e-08	-3.47941018e-08	1.83144425e-08
2.13130388e-08	-3.28003703e-08	-2.49144467e-08
-2.13130388e-08	-3.28003703e-08	2.49144467e-08
-2.1798703e-08	-3.26191911e-08	-2.47974827e-08
2.1798703e-08	-3.26191911e-08	2.47974827e-08
3.08181939e-08	-3.47268318e-08	-1.48439579e-08
-3.08181939e-08	-3.47268318e-08	1.48439579e-08
7.51552696e-09	-3.05005524e-08	-3.11202381e-08
-7.51552696e-09	-3.05005524e-08	3.11202381e-08
-1.80075462e-08	-3.15745897e-08	-2.74666176e-08
1.80075462e-08	-3.15745897e-08	2.74666176e-08
3.40184587e-09	-3.00430752e-08	-3.18580961e-08
-3.40184587e-09	-3.00430752e-08	3.18580961e-08
-2.66737673e-09	-3.00209822e-08	-3.19161475e-08
2.66737673e-09	-3.00209822e-08	3.19161475e-08
3.32104318e-08	-3.50404054e-08	-1.04072962e-08
-3.32104318e-08	-3.50404054e-08	1.04072962e-08
0	-2.98058989e-08	-3.21158741e-08
0	-2.98058989e-08	3.21158741e-08
3.46205398e-08	-3.52852862e-08	-6.0062263e-09
-3.46205398e-08	-3.52852862e-08	6.0062263e-09
3.54957242e-08	-3.50622718e-08	-2.6157261e-09
-3.54957242e-08	-3.50622718e-08	2.6157261e-09
-3.15094639e-08	-3.37570547e-08	-1.53386298e-08
3.15094639e-08	-3.37570547e-08	1.53386298e-08
-3.51065189e-08	-3.48932979e-08	-5.65629369e-09
3.51065189e-08	-3.48932979e-08	5.65629369e-09
2.63954072e-08	-3.22921124e-08	-2.206176e-08
-2.63954072e-08	-3.22921124e-08	2.206176e-08
3.56867993e-08	-3.50207418e-08	0
-3.56867993e-08	-3.50207418e-08	0
-3.56175875e-08	-3.49569047e-08	-2.45305022e-09
3.56175875e-08	-3.49569047e-08	2.45305022e-09
1.38630658e-08	-2.96539905e-08	-3.0235939e-08
-1.38630658e-08	-2.96539905e-08	3.0235939e-08
-2.80952846e-08	-3.15567454e-08	-2.13889961e-08
2.80952846e-08	-3.15567454e-08	2.13889961e-08
-7.00847869e-09	-2.81335704e-08	-3.25884244e-08
7.00847869e-09	-2.81335704e-08	3.25884244e-08
2.79242319e-09	-2.7694444e-08	-3.32286156e-08
-2.79242319e-09	-2.7694444e-08	3.32286156e-08
-3.07749866e-09	-2.75602813e-08	-3.32838449e-08
3.07749866e-09	-2.75602813e-08	3.32838449e-08
1.99174662e-08	-2.92794887e-08	-2.8239049e-08
-1.99174662e-08	-2.92794887e-08	2.8239049e-08
-1.22036857e-08	-2.81296557e-08	-3.1595367e-08
1.22036857e-08	-2.81296557e-08	3.1595367e-08
0	-2.73287973e-08	-3.34963815e-08
0	-2.73287973e-08	3.34963815e-08
-3.48651172e-08	-3.27657123e-08	-1.16160358e-08
3.48651172e-08	-3.27657123e-08	1.16160358e-08
3.09631485e-08	-3.14023263e-08	-1.88497612e-08
-3.09631485e-08	-3.14023263e-08	1.88497612e-08
-1.73377251e-08	-2.80139575e-08	-3.00891632e-08
1.73377251e-08	-2.80139575e-08	3.00891632e-08
3.73964703e-08	-3.30730584e-08	-2.21656504e-09
-3.73964703e-08	-3.30730584e-08	2.21656504e-09
-3.74728103e-08	-3.30055256e-08	-2.02761163e-09
3.74728103e-08	-3.30055256e-08	2.02761163e-09
-2.18605849e-08	-2.86916944e-08	-2.77001256e-08
2.18605849e-08	-2.86916944e-08	2.77001256e-08
3.76302474e-08	-3.29236159e-08	0
-3.76302474e-08	-3.29236159e-08	0
3.40412524e-08	-3.16139793e-08	-1.47891733e-08
-3.40412524e-08	-3.16139793e-08	1.47891733e-08
-3.13220862e-08	-3.0508755e-08	-1.94013243e-08
3.13220862e-08	-3.0508755e-08	1.94013243e-08
2.53062637e-08	-2.87097252e-08	-2.57414181e-08
-2.53062637e-08	-2.87097252e-08	2.57414181e-08
1.16333556e-08	-2.63364925e-08	-3.27028238e-08
-1.16333556e-08	-2.63364925e-08	3.27028238e-08
-2.63297401e-08	-2.8824368e-08	-2.49915262e-08
2.63297401e-08	-2.8824368e-08	2.49915262e-08
7.30246525e-09	-2.59531925e-08	-3.36866103e-08
-7.30246525e-09	-2.59531925e-08	3.36866103e-08
3.26662518e-09	-2.52089272e-08	-3.4444986e-08
-3.26662518e-09	-2.52089272e-08	3.4444986e-08
-2.57289416e-09	-2.51489745e-08	-3.45106064e-08
2.57289416e-09	-2.51489745e-08	3.45106064e-08
-3.76168311e-08	-3.11653568e-08	-8.53021182e-09
3.76168311e-08	-3.11653568e-08	8.53021182e-09
0	-2.4780972e-08	-3.47415917e-08
0	-2.4780972e-08	3.47415917e-08
3.69376692e-08	-3.09143956e-08	-1.07304051e-08
-3.69376692e-08	-3.09143956e-08	1.07304051e-08
3.82994024e-08	-3.12713903e-08	-5.94674625e-09
-3.82994024e-08	-3.12713903e-08	5.94674625e-09
-3.85530661e-08	-3.11354041e-08	-5.32151602e-09
3.85530661e-08	-3.11354041e-08	5.32151602e-09
3.91721912e-08	-3.090847e-08	-2.55573595e-09
-3.91721912e-08	-3.090847e-08	2.55573595e-09
-3.50087063e-08	-2.93734748e-08	-1.62301341e-08
3.50087063e-08	-2.93734748e-08	1.62301341e-08
3.02715561e-08	-2.79569815e-08	-2.26562497e-08
-3.02715561e-08	-2.79569815e-08	2.26562497e-08
-3.92688258e-08	-3.08079897e-08	-2.37683371e-09
3.92688258e-08	-3.08079897e-08	2.37683371e-09
3.9452243e-08	-3.07167792e-08	0
-3.9452243e-08	-3.07167792e-08	0
2.19887597e-08	-2.53279787e-08	-2.96646639e-08
-2.19887597e-08	-2.53279787e-08	2.96646639e-08
-6.821281e-09	-2.3353544e-08	-3.49452794e-08
6.821281e-09	-2.3353544e-08	3.49452794e-08
-1.20409916e-08	-2.36333557e-08	-3.39079131e-08
1.20409916e-08	-2.36333557e-08	3.39079131e-08
-1.69577336e-08	-2.42375935e-08	-3.22487763e-08
1.69577336e-08	-2.42375935e-08	3.22487763e-08
-3.05185191e-08	-2.69403185e-08	-2.32253548e-08
3.05185191e-08	-2.69403185e-08	2.32253548e-08
3.41070345e-08	-2.78996352e-08	-1.89030461e-08
-3.41070345e-08	-2.78996352e-08	1.89030461e-08
2.75572133e-09	-2.26772214e-08	-3.55811152e-08
-2.75572133e-09	-2.26772214e-08	3.55811152e-08
-2.95218755e-09	-2.26138868e-08	-3.55968243e-08
2.95218755e-09	-2.26138868e-08	3.55968243e-08
1.74332678e-08	-2.35849573e-08	-3.23958611e-08
-1.74332678e-08	-2.35849573e-08	3.23958611e-08
0	-2.21716768e-08	-3.58522903e-08
0	-2.21716768e-08	3.58522903e-08
-2.18480345e-08	-2.42020873e-08	-3.0325407e-08
2.18480345e-08	-2.42020873e-08	3.0325407e-08
-3.80595151e-08	-2.8188001e-08	-1.28227276e-08
3.80595151e-08	-2.8188001e-08	1.28227276e-08
-2.63731506e-08	-2.47442869e-08	-2.76223352e-08
2.63731506e-08	-2.47442869e-08	2.76223352e-08
4.08608199e-08	-2.86883203e-08	-2.17236163e-09
-4.08608199e-08	-2.86883203e-08	2.17236163e-09
-4.09294129e-08	-2.86088555e-08	-2.01061927e-09
4.09294129e-08	-2.86088555e-08	2.01061927e-09
3.7579723e-08	-2.72452886e-08	-1.48692148e-08
-3.7579723e-08	-2.72452886e-08	1.48692148e-08
4.11464528e-08	-2.84072073e-08	0
-4.11464528e-08	-2.84072073e-08	0
7.33076991e-09	-2.10061503e-08	-3.58217941e-08
-7.33076991e-09	-2.10061503e-08	3.58217941e-08
-3.45909764e-08	-2.58682243e-08	-2.01482398e-08
3.45909764e-08	-2.58682243e-08	2.01482398e-08
1.3277754e-08	-2.13059016e-08	-3.45925754e-08
-1.3277754e-08	-2.13059016e-08	3.45925754e-08
3.17956448e-09	-2.01373621e-08	-3.65239824e-08
-3.17956448e-09	-2.01373621e-08	3.65239824e-08
-2.49663847e-09	-2.00357346e-08	-3.65936487e-08
2.49663847e-09	-2.00357346e-08	3.65936487e-08
2.96607876e-08	-2.37487904e-08	-2.59997863e-08
-2.96607876e-08	-2.37487904e-08	2.59997863e-08
4.0036909e-08	-2.68846756e-08	-1.056061e-08
-4.0036909e-08	-2.68846756e-08	1.056061e-08
0	-1.9509452e-08	-3.68293907e-08
0	-1.9509452e-08	3.68293907e-08
4.1512731e-08	-2.69072137e-08	-5.80730662e-09
-4.1512731e-08	-2.69072137e-08	5.80730662e-09
-4.06409121e-08	-2.64665673e-08	-9.72706182e-09
4.06409121e-08	-2.64665673e-08	9.72706182e-09
-4.17423424e-08	-2.66976847e-08	-5.3552506e-09
4.17423424e-08	-2.66976847e-08	5.3552506e-09
-1.57044404e-08	-1.98513528e-08	-3.44956284e-08
1.57044404e-08	-1.98513528e-08	3.44956284e-08
3.4115577e-08	-2.36138335e-08	-2.23214949e-08
-3.4115577e-08	-2.36138335e-08	2.23214949e-08
4.23651753e-08	-2.63686695e-08	-2.51525796e-09
-4.23651753e-08	-2.63686695e-08	2.51525796e-09
-4.24393416e-08	-2.62771028e-08	-2.32084824e-09
4.24393416e-08	-2.62771028e-08	2.32084824e-09
-3.8089224e-08	-2.46701119e-08	-1.67923143e-08
3.8089224e-08	-2.46701119e-08	1.67923143e-08
4.27069427e-08	-2.60022508e-08	0
-4.27069427e-08	-2.60022508e-08	0
-6.62904559e-09	-1.8361169e-08	-3.68254106e-08
6.62904559e-09	-1.8361169e-08	3.68254106e-08
2.27908841e-08	-2.02971184e-08	-3.16844703e-08
-2.27908841e-08	-2.02971184e-08	3.16844703e-08
-1.19901647e-08	-1.86970302e-08	-3.58365803e-08
1.19901647e-08	-1.86970302e-08	3.58365803e-08
-2.08913372e-08	-1.97529224e-08	-3.27255162e-08
2.08913372e-08	-1.97529224e-08	3.27255162e-08
3.77725925e-08	-2.36234153e-08	-1.81578061e-08
-3.77725925e-08	-2.36234153e-08	1.81578061e-08
-2.87538395e-09	-1.74647677e-08	-3.74098516e-08
2.87538395e-09	-1.74647677e-08	3.74098516e-08
2.56217303e-09	-1.74532527e-08	-3.74278548e-08
-2.56217303e-09	-1.74532527e-08	3.74278548e-08
-3.36340492e-08	-2.21322071e-08	-2.37172159e-08
3.36340492e-08	-2.21322071e-08	2.37172159e-08
1.79380288e-08	-1.86862447e-08	-3.42139282e-08
-1.79380288e-08	-1.86862447e-08	3.42139282e-08
-2.58219683e-08	-1.977553e-08	-3.0380566e-08
2.58219683e-08	-1.977553e-08	3.0380566e-08
0	-1.68022141e-08	-3.76738475e-08
0	-1.68022141e-08	3.76738475e-08
-4.08860531e-08	-2.3604902e-08	-1.31730456e-08
4.08860531e-08	-2.3604902e-08	1.31730456e-08
1.30593803e-08	-1.67518885e-08	-3.62111746e-08
-1.30593803e-08	-1.67518885e-08	3.62111746e-08
-4.38728272e-08	-2.38687451e-08	-1.86899618e-09
4.38728272e-08	-2.38687451e-08	1.86899618e-09
4.38705774e-08	-2.38234142e-08	-2.23676572e-09
-4.38705774e-08	-2.38234142e-08	2.23676572e-09
6.79777234e-09	-1.55830771e-08	-3.76166601e-08
-6.79777234e-09	-1.55830771e-08	3.76166601e-08
4.41282011e-08	-2.35096123e-08	0
-4.41282011e-08	-2.35096123e-08	0
-3.74810747e-08	-2.10533221e-08	-2.04262837e-08
3.74810747e-08	-2.10533221e-08	2.04262837e-08
2.81201464e-09	-1.51989594e-08	-3.80406873e-08
-2.81201464e-09	-1.51989594e-08	3.80406873e-08
4.26448403e-08	-2.26100662e-08	-1.04369345e-08
-4.26448403e-08	-2.26100662e-08	1.04369345e-08
3.33845039e-08	-1.9198823e-08	-2.5510846e-08
-3.33845039e-08	-1.9198823e-08	2.5510846e-08
-2.55745735e-09	-1.4646513e-08	-3.81905879e-08
2.55745735e-09	-1.4646513e-08	3.81905879e-08
-4.31624246e-08	-2.22333373e-08	-9.55602637e-09
4.31624246e-08	-2.22333373e-08	9.55602637e-09
0	-1.40573448e-08	-3.83865898e-08
0	-1.40573448e-08	3.83865898e-08
-3.21331225e-08	-1.82617371e-08	-2.69395934e-08
3.21331225e-08	-1.82617371e-08	2.69395934e-08
2.77244352e-08	-1.68818722e-08	-3.04248118e-08
-2.77244352e-08	-1.68818722e-08	3.04248118e-08
-1.94064358e-08	-1.52299812e-08	-3.47925318e-08
1.94064358e-08	-1.52299812e-08	3.47925318e-08
4.44645182e-08	-2.18449144e-08	-5.40851683e-09
-4.44645182e-08	-2.18449144e-08	5.40851683e-09
-1.17894287e-08	-1.4164183e-08	-3.7183956e-08
1.17894287e-08	-1.4164183e-08	3.7183956e-08
-4.46061266e-08	-2.17235106e-08	-4.95629264e-09
4.46061266e-08	-2.17235106e-08	4.95629264e-09
4.49135113e-08	-2.18255131e-08	-2.02756732e-09
-4.49135113e-08	-2.18255131e-08	2.02756732e-09
-4.49529824e-08	-2.17412011e-08	-2.04736706e-09
4.49529824e-08	-2.17412011e-08	2.04736706e-09
3.76112285e-08	-1.91326088e-08	-2.14563933e-08
-3.76112285e-08	-1.91326088e-08	2.14563933e-08
2.30193286e-08	-1.5142919e-08	-3.33783404e-08
-2.30193286e-08	-1.5142919e-08	3.33783404e-08
-4.07663845e-08	-1.97722054e-08	-1.69169602e-08
4.07663845e-08	-1.97722054e-08	1.69169602e-08
4.22121608e-08	-2.005391e-08	-1.42205299e-08
-4.22121608e-08	-2.005391e-08	1.42205299e-08
-2.4593045e-08	-1.5190702e-08	-3.26378892e-08
2.4593045e-08	-1.5190702e-08	3.26378892e-08
-6.15582478e-09	-1.28580739e-08	-3.83397507e-08
6.15582478e-09	-1.28580739e-08	3.83397507e-08
4.54051598e-08	-2.09373223e-08	0
-4.54051598e-08	-2.09373223e-08	0
-2.31913919e-09	-1.24650629e-08	-3.86925837e-08
2.31913919e-09	-1.24650629e-08	3.86925837e-08
3.13990587e-09	-1.22193276e-08	-3.87056918e-08
-3.13990587e-09	-1.22193276e-08	3.87056918e-08
1.81914394e-08	-1.34927572e-08	-3.56607754e-08
-1.81914394e-08	-1.34927572e-08	3.56607754e-08
-3.63236759e-08	-1.71556394e-08	-2.38162916e-08
3.63236759e-08	-1.71556394e-08	2.38162916e-08
-2.93822742e-08	-1.52174359e-08	-2.99878547e-08
2.93822742e-08	-1.52174359e-08	2.99878547e-08
1.29529619e-08	-1.20927221e-08	-3.74036306e-08
-1.29529619e-08	-1.20927221e-08	3.74036306e-08
0	-1.12817773e-08	-3.89684714e-08
0	-1.12817773e-08	3.89684714e-08
-1.5942098e-08	-1.20974441e-08	-3.66562528e-08
1.5942098e-08	-1.20974441e-08	3.66562528e-08
-4.33091552e-08	-1.86427983e-08	-1.33089598e-08
4.33091552e-08	-1.86427983e-08	1.33089598e-08
4.61612814e-08	-1.89581952e-08	-2.49452946e-09
-4.61612814e-08	-1.89581952e-08	2.49452946e-09
-4.62080136e-08	-1.88868087e-08	-2.27795556e-09
4.62080136e-08	-1.88868087e-08	2.27795556e-09
4.47623064e-08	-1.81279468e-08	-1.03603388e-08
-4.47623064e-08	-1.81279468e-08	1.03603388e-08
4.11031081e-08	-1.67113969e-08	-1.8439327e-08
-4.11031081e-08	-1.67113969e-08	1.8439327e-08
-3.98525182e-08	-1.59978954e-08	-2.04875633e-08
3.98525182e-08	-1.59978954e-08	2.04875633e-08
2.70672207e-09	-9.71999798e-09	-3.91770978e-08
-2.70672207e-09	-9.71999798e-09	3.91770978e-08
-4.52082707e-08	-1.78053328e-08	-9.43804677e-09
4.52082707e-08	-1.78053328e-08	9.43804677e-09
4.65332145e-08	-1.82937134e-08	0
-4.65332145e-08	-1.82937134e-08	0
7.20307192e-09	-9.82595222e-09	-3.87943618e-08
-7.20307192e-09	-9.82595222e-09	3.87943618e-08
-2.8534951e-09	-9.48598841e-09	-3.92071307e-08
2.8534951e-09	-9.48598841e-09	3.92071307e-08
3.22975932e-08	-1.33949626e-08	-2.85930391e-08
-3.22975932e-08	-1.33949626e-08	2.85930391e-08
-1.1708292e-08	-9.56477651e-09	-3.81276252e-08
1.1708292e-08	-9.56477651e-09	3.81276252e-08
-3.43693412e-08	-1.34724199e-08	-2.69784184e-08
3.43693412e-08	-1.34724199e-08	2.69784184e-08
2.7799841e-08	-1.16699034e-08	-3.19096945e-08
-2.7799841e-08	-1.16699034e-08	3.19096945e-08
0	-8.48207854e-09	-3.94202331e-08
0	-8.48207854e-09	3.94202331e-08
3.88841573e-08	-1.39212343e-08	-2.25455492e-08
-3.88841573e-08	-1.39212343e-08	2.25455492e-08
2.28593616e-08	-1.00178738e-08	-3.46603339e-08
-2.28593616e-08	-1.00178738e-08	3.46603339e-08
4.70941227e-08	-1.65813182e-08	-2.14714653e-09
-4.70941227e-08	-1.65813182e-08	2.14714653e-09
-4.71260282e-08	-1.65271861e-08	-1.95789046e-09
4.71260282e-08	-1.65271861e-08	1.95789046e-09
4.67100216e-08	-1.63373319e-08	-5.7279926e-09
-4.67100216e-08	-1.63373319e-08	5.7279926e-09
-2.79130931e-08	-1.05963348e-08	-3.20856546e-08
2.79130931e-08	-1.05963348e-08	3.20856546e-08
-2.0789351e-08	-9.24109336e-09	-3.56193662e-08
2.0789351e-08	-9.24109336e-09	3.56193662e-08
-4.68540171e-08	-1.61922806e-08	-5.21604466e-09
4.68540171e-08	-1.61922806e-08	5.21604466e-09
-4.29031449e-08	-1.47437216e-08	-1.68179492e-08
4.29031449e-08	-1.47437216e-08	1.68179492e-08
4.41541045e-08	-1.48822332e-08	-1.45092344e-08
-4.41541045e-08	-1.48822332e-08	1.45092344e-08
1.762214e-08	-8.36386937e-09	-3.68304732e-08
-1.762214e-08	-8.36386937e-09	3.68304732e-08
-2.45380899e-09	-6.93879474e-09	-3.95642825e-08
2.45380899e-09	-6.93879474e-09	3.95642825e-08
-6.47489795e-09	-7.02814023e-09	-3.92626515e-08
6.47489795e-09	-7.02814023e-09	3.92626515e-08
3.17943122e-09	-6.81171311e-09	-3.95453504e-08
-3.17943122e-09	-6.81171311e-09	3.95453504e-08
1.29699917e-08	-7.407313e-09	-3.81735911e-08
-1.29699917e-08	-7.407313e-09	3.81735911e-08
4.75082432e-08	-1.55873933e-08	0
-4.75082432e-08	-1.55873933e-08	0
-3.834699e-08	-1.21569714e-08	-2.37549679e-08
3.834699e-08	-1.21569714e-08	2.37549679e-08
-1.6399801e-08	-6.84308516e-09	-3.73885006e-08
1.6399801e-08	-6.84308516e-09	3.73885006e-08
-3.19990274e-08	-9.68755743e-09	-2.97425054e-08
3.19990274e-08	-9.68755743e-09	2.97425054e-08
-4.53443429e-08	-1.36931229e-08	-1.280972e-08
4.53443429e-08	-1.36931229e-08	1.280972e-08
0	-5.66452804e-09	-3.9742476e-08
0	-5.66452804e-09	3.9742476e-08
4.63728771e-08	-1.35058953e-08	-1.03428294e-08
-4.63728771e-08	-1.35058953e-08	1.03428294e-08
7.86958166e-09	-5.21797541e-09	-3.92802641e-08
-7.86958166e-09	-5.21797541e-09	3.92802641e-08
-4.67640133e-08	-1.32514858e-08	-9.38169061e-09
4.67640133e-08	-1.32514858e-08	9.38169061e-09
4.79818477e-08	-1.37071064e-08	-2.51173619e-09
-4.79818477e-08	-1.37071064e-08	2.51173619e-09
-4.80152302e-08	-1.36531394e-08	-2.28097562e-09
4.80152302e-08	-1.36531394e-08	2.28097562e-09
-2.48952025e-08	-6.91587008e-09	-3.42452298e-08
2.48952025e-08	-6.91587008e-09	3.42452298e-08
-1.17650807e-08	-4.95768908e-09	-3.8674057e-08
1.17650807e-08	-4.95768908e-09	3.8674057e-08
4.29852925e-08	-1.14191195e-08	-1.82755502e-08
-4.29852925e-08	-1.14191195e-08	1.82755502e-08
3.72438406e-08	-9.5771671e-09	-2.55646532e-08
-3.72438406e-08	-9.5771671e-09	2.55646532e-08
3.21391145e-08	-8.14287293e-09	-2.99414996e-08
-3.21391145e-08	-8.14287293e-09	2.99414996e-08
-4.17733765e-08	-1.08941511e-08	-2.01800296e-08
4.17733765e-08	-1.08941511e-08	2.01800296e-08
3.22192346e-09	-4.08752793e-09	-3.97827004e-08
-3.22192346e-09	-4.08752793e-09	3.97827004e-08
-2.90862803e-09	-4.07066031e-09	-3.97992531e-08
2.90862803e-09	-4.07066031e-09	3.97992531e-08
4.83266232e-08	-1.28272168e-08	0
-4.83266232e-08	-1.28272168e-08	0
2.73870219e-08	-6.49211797e-09	-3.30604628e-08
-2.73870219e-08	-6.49211797e-09	3.30604628e-08
-3.62713562e-08	-8.35979197e-09	-2.67073335e-08
3.62713562e-08	-8.35979197e-09	2.67073335e-08
2.22056848e-08	-4.88337238e-09	-3.56252516e-08
-2.22056848e-08	-4.88337238e-09	3.56252516e-08
0	-2.83519283e-09	-3.99356417e-08
0	-2.83519283e-09	3.99356417e-08
1.67739418e-08	-3.46592395e-09	-3.75797584e-08
-1.67739418e-08	-3.46592395e-09	3.75797584e-08
-2.97008863e-08	-5.66204172e-09	-3.18576698e-08
2.97008863e-08	-5.66204172e-09	3.18576698e-08
4.8192498e-08	-1.11690717e-08	-5.80950822e-09
-4.8192498e-08	-1.11690717e-08	5.80950822e-09
4.86534588e-08	-1.11996202e-08	-2.1776248e-09
-4.86534588e-08	-1.11996202e-08	2.1776248e-09
-4.83153026e-08	-1.10584453e-08	-5.26679065e-09
4.83153026e-08	-1.10584453e-08	5.26679065e-09
-4.86759891e-08	-1.11598876e-08	-1.9766636e-09
4.86759891e-08	-1.11598876e-08	1.9766636e-09
-4.45917857e-08	-9.64160483e-09	-1.63680099e-08
4.45917857e-08	-9.64160483e-09	1.63680099e-08
-2.08097937e-08	-3.6826763e-09	-3.62514806e-08
2.08097937e-08	-3.6826763e-09	3.62514806e-08
4.57524595e-08	-9.75324452e-09	-1.41214542e-08
-4.57524595e-08	-9.75324452e-09	1.41214542e-08
4.1058529e-08	-7.86629263e-09	-2.1942742e-08
-4.1058529e-08	-7.86629263e-09	2.1942742e-08
-6.62659236e-09	-1.64345447e-09	-3.96253441e-08
6.62659236e-09	-1.64345447e-09	3.96253441e-08
-2.51995584e-09	-1.4286166e-09	-3.99328146e-08
2.51995584e-09	-1.4286166e-09	3.99328146e-08
4.89596096e-09	-1.29132051e-09	-3.97943679e-08
-4.89596096e-09	-1.29132051e-09	3.97943679e-08
-4.0028908e-08	-7.05913215e-09	-2.32943623e-08
4.0028908e-08	-7.05913215e-09	2.32943623e-08
4.89852464e-08	-1.00222569e-08	0
-4.89852464e-08	-1.00222569e-08	0
-1.60399868e-08	-1.73366465e-09	-3.78604869e-08
1.60399868e-08	-1.73366465e-09	3.78604869e-08
1.17858593e-08	-1.02284299e-09	-3.88642545e-08
-1.17858593e-08	-1.02284299e-09	3.88642545e-08
-3.36974597e-08	-4.61735458e-09	-2.93193314e-08
3.36974597e-08	-4.61735458e-09	2.93193314e-08
4.74751447e-08	-8.77233623e-09	-1.04048222e-08
-4.74751447e-08	-8.77233623e-09	1.04048222e-08
-4.78302035e-08	-8.60344449e-09	-9.4064617e-09
4.78302035e-08	-8.60344449e-09	9.4064617e-09
0	-3.061617e-24	-4e-08
0	-3.061617e-24	4e-08
-2.61787094e-08	-2.4718792e-09	-3.40217811e-08
2.61787094e-08	-2.4718792e-09	3.40217811e-08
3.10920417e-08	-3.48325007e-09	-3.12015581e-08
-3.10920417e-08	-3.48325007e-09	3.12015581e-08
-1.10263934e-08	-1.18298957e-10	-3.90151122e-08
1.10263934e-08	-1.18298957e-10	3.90151122e-08
4.92050368e-08	-8.28420404e-09	-2.55953939e-09
-4.92050368e-08	-8.28420404e-09	2.55953939e-09
-4.92296545e-08	-8.25030899e-09	-2.31496258e-09
4.92296545e-08	-8.25030899e-09	2.31496258e-09
3.89176936e-08	-4.6892694e-09	-2.48312562e-08
-3.89176936e-08	-4.6892694e-09	2.48312562e-08
4.43081793e-08	-6.2600154e-09	-1.78455141e-08
-4.43081793e-08	-6.2600154e-09	1.78455141e-08
2.64146953e-08	-1.32392659e-09	-3.39459438e-08
-2.64146953e-08	-1.32392659e-09	3.39459438e-08
-2.97293298e-09	1.35177985e-09	-3.99145837e-08
2.97293298e-09	1.35177985e-09	3.99145837e-08
3.29371746e-09	1.3574553e-09	-3.98983407e-08
-3.29371746e-09	1.3574553e-09	3.98983407e-08
2.10191294e-08	8.81037715e-11	-3.62938094e-08
-2.10191294e-08	8.81037715e-11	3.62938094e-08
4.94815332e-08	-7.18177384e-09	0
-4.94815332e-08	-7.18177384e-09	0
-3.77508689e-08	-3.32346768e-09	-2.60930821e-08
3.77508689e-08	-3.32346768e-09	2.60930821e-08
4.89250103e-08	-6.60349111e-09	-6.33654932e-09
-4.89250103e-08	-6.60349111e-09	6.33654932e-09
1.69082312e-08	1.30707216e-09	-3.76289529e-08
-1.69082312e-08	1.30707216e-09	3.76289529e-08
-3.07079133e-08	-9.18075808e-10	-3.155877e-08
3.07079133e-08	-9.18075808e-10	3.155877e-08
-4.42837744e-08	-4.60648161e-09	-1.82029036e-08
4.42837744e-08	-4.60648161e-09	1.82029036e-08
-4.69335615e-08	-5.48072064e-09	-1.30770641e-08
4.69335615e-08	-5.48072064e-09	1.30770641e-08
-2.24215913e-08	8.92605534e-10	-3.57455497e-08
2.24215913e-08	8.92605534e-10	3.57455497e-08
0	2.83519283e-09	-3.99356417e-08
0	2.83519283e-09	3.99356417e-08
7.98580526e-09	2.65480249e-09	-3.94293611e-08
-7.98580526e-09	2.65480249e-09	3.94293611e-08
-4.92135269e-08	-5.82241981e-09	-5.31432459e-09
4.92135269e-08	-5.82241981e-09	5.31432459e-09
3.56393488e-08	-1.53037192e-09	-2.80284972e-08
-3.56393488e-08	-1.53037192e-09	2.80284972e-08
4.6805181e-08	-4.82092496e-09	-1.35300251e-08
-4.6805181e-08	-4.82092496e-09	1.35300251e-08
4.95762437e-08	-5.81896275e-09	-2.30973361e-09
-4.95762437e-08	-5.81896275e-09	2.30973361e-09
-4.96157958e-08	-5.65399807e-09	-2.00879823e-09
4.96157958e-08	-5.65399807e-09	2.00879823e-09
4.22543755e-08	-2.67969561e-09	-2.12773981e-08
-4.22543755e-08	-2.67969561e-09	2.12773981e-08
-1.49731868e-08	3.19518647e-09	-3.80786089e-08
1.49731868e-08	3.19518647e-09	3.80786089e-08
-4.12720669e-08	-2.05536626e-09	-2.2519566e-08
4.12720669e-08	-2.05536626e-09	2.2519566e-08
3.2219235e-09	4.08752795e-09	-3.97827004e-08
-3.2219235e-09	4.08752795e-09	3.97827004e-08
-2.59273123e-09	4.34823907e-09	-3.97944363e-08
2.59273123e-09	4.34823907e-09	3.97944363e-08
4.98134438e-08	-4.315185e-09	0
-4.98134438e-08	-4.315185e-09	0
-3.50133368e-08	3.28893247e-10	-2.85540395e-08
3.50133368e-08	3.28893247e-10	2.85540395e-08
-4.85150074e-08	-3.4108775e-09	-9.28344659e-09
4.85150074e-08	-3.4108775e-09	9.28344659e-09
-2.71645397e-08	2.49541894e-09	-3.35223929e-08
2.71645397e-08	2.49541894e-09	3.35223929e-08
3.18288648e-08	1.56849488e-09	-3.08229856e-08
-3.18288648e-08	1.56849488e-09	3.08229856e-08
-7.10197588e-09	5.16165289e-09	-3.93785264e-08
7.10197588e-09	5.16165289e-09	3.93785264e-08
1.30363486e-08	5.0535616e-09	-3.84042925e-08
-1.30363486e-08	5.0535616e-09	3.84042925e-08
0	5.66452804e-09	-3.9742476e-08
0	5.66452804e-09	3.9742476e-08
-1.99721784e-08	4.43616701e-09	-3.64981754e-08
1.99721784e-08	4.43616701e-09	3.64981754e-08
3.96051642e-08	3.82887567e-10	-2.44135617e-08
-3.96051642e-08	3.82887567e-10	2.44135617e-08
4.52483652e-08	-1.2427801e-09	-1.69901796e-08
-4.52483652e-08	-1.2427801e-09	1.69901796e-08
4.9814182e-08	-2.75849536e-09	-2.64580854e-09
-4.9814182e-08	-2.75849536e-09	2.64580854e-09
-4.98351978e-08	-2.74682849e-09	-2.38770102e-09
4.98351978e-08	-2.74682849e-09	2.38770102e-09
-4.61945253e-08	-1.09937525e-09	-1.52809886e-08
4.61945253e-08	-1.09937525e-09	1.52809886e-08
-3.88403444e-08	1.58146853e-09	-2.51577627e-08
3.88403444e-08	1.58146853e-09	2.51577627e-08
2.72528599e-09	6.99326102e-09	-3.95467692e-08
-2.72528599e-09	6.99326102e-09	3.95467692e-08
-4.38363534e-08	3.84758843e-10	-1.92370655e-08
4.38363534e-08	3.84758843e-10	1.92370655e-08
-3.12016671e-09	7.16932398e-09	-3.95078957e-08
3.12016671e-09	7.16932398e-09	3.95078957e-08
4.9302854e-08	-1.36679921e-09	-6.56587282e-09
-4.9302854e-08	-1.36679921e-09	6.56587282e-09
-4.9430952e-08	-1.35249082e-09	-5.91955422e-09
4.9430952e-08	-1.35249082e-09	5.91955422e-09
1.7635433e-08	6.19465479e-09	-3.70998027e-08
-1.7635433e-08	6.19465479e-09	3.70998027e-08
4.99794886e-08	-1.43203245e-09	0
-4.99794886e-08	-1.43203245e-09	0
2.76425496e-08	4.77953636e-09	-3.31111629e-08
-2.76425496e-08	4.77953636e-09	3.31111629e-08
7.23756503e-09	7.24552802e-09	-3.91519704e-08
-7.23756503e-09	7.24552802e-09	3.91519704e-08
-3.18547425e-08	3.99775657e-09	-3.06650897e-08
3.18547425e-08	3.99775657e-09	3.06650897e-08
-1.17167815e-08	7.26372841e-09	-3.84495953e-08
1.17167815e-08	7.26372841e-09	3.84495953e-08
3.61657888e-08	3.52139207e-09	-2.7476658e-08
-3.61657888e-08	3.52139207e-09	2.7476658e-08
-2.48607027e-08	5.92989884e-09	-3.4379359e-08
2.48607027e-08	5.92989884e-09	3.4379359e-08
0	8.48207854e-09	-3.94202331e-08
0	8.48207854e-09	3.94202331e-08
4.98868557e-08	1.20067197e-11	-2.6894139e-09
-4.98868557e-08	1.20067197e-11	2.6894139e-09
-4.99079277e-08	1.19555163e-11	-2.42633657e-09
4.99079277e-08	1.19555163e-11	2.42633657e-09
-1.58900669e-08	8.0283008e-09	-3.7378515e-08
1.58900669e-08	8.0283008e-09	3.7378515e-08
4.8382052e-08	1.27823117e-09	-1.0041296e-08
-4.8382052e-08	1.27823117e-09	1.0041296e-08
3.15252584e-09	9.52427176e-09	-3.91865269e-08
-3.15252584e-09	9.52427176e-09	3.91865269e-08
-3.59368528e-08	5.28081748e-09	-2.74885352e-08
3.59368528e-08	5.28081748e-09	2.74885352e-08
-2.45459311e-09	9.68529016e-09	-3.91932249e-08
2.45459311e-09	9.68529016e-09	3.91932249e-08
2.29862578e-08	7.99962297e-09	-3.49412122e-08
-2.29862578e-08	7.99962297e-09	3.49412122e-08
-6.52436955e-09	9.72869165e-09	-3.88867909e-08
6.52436955e-09	9.72869165e-09	3.88867909e-08
4.99787589e-08	1.45727943e-09	0
-4.99787589e-08	1.45727943e-09	0
-4.75637825e-08	2.38218081e-09	-1.21855471e-08
4.75637825e-08	2.38218081e-09	1.21855471e-08
3.21731954e-08	6.67638396e-09	-3.01496151e-08
-3.21731954e-08	6.67638396e-09	3.01496151e-08
1.29434581e-08	9.75423304e-09	-3.78402692e-08
-1.29434581e-08	9.75423304e-09	3.78402692e-08
-2.9376311e-08	7.48080977e-09	-3.18101351e-08
2.9376311e-08	7.48080977e-09	3.18101351e-08
4.65688597e-08	3.214675e-09	-1.43333384e-08
-4.65688597e-08	3.214675e-09	1.43333384e-08
3.99182143e-08	5.48140055e-09	-2.36844646e-08
-3.99182143e-08	5.48140055e-09	2.36844646e-08
-2.0726974e-08	9.52224338e-09	-3.55952305e-08
2.0726974e-08	9.52224338e-09	3.55952305e-08
-4.55918108e-08	3.86360204e-09	-1.61286699e-08
4.55918108e-08	3.86360204e-09	1.61286699e-08
0	1.12817773e-08	-3.89684714e-08
0	1.12817773e-08	3.89684714e-08
4.98129486e-08	2.78243366e-09	-2.64462751e-09
-4.98129486e-08	2.78243366e-09	2.64462751e-09
-4.98364611e-08	3.05028274e-09	-2.12006273e-09
4.98364611e-08	3.05028274e-09	2.12006273e-09
4.93299471e-08	3.37507897e-09	-5.94186035e-09
-4.93299471e-08	3.37507897e-09	5.94186035e-09
-4.30010937e-08	5.52838665e-09	-1.99253468e-08
4.30010937e-08	5.52838665e-09	1.99253468e-08
4.40386414e-08	5.24680187e-09	-1.8470632e-08
-4.40386414e-08	5.24680187e-09	1.8470632e-08
-3.9532002e-08	6.57211096e-09	-2.39202431e-08
3.9532002e-08	6.57211096e-09	2.39202431e-08
-2.84776148e-09	1.21708661e-08	-3.87299183e-08
2.84776148e-09	1.21708661e-08	3.87299183e-08
-4.93105408e-08	3.9794904e-09	-5.80395594e-09
4.93105408e-08	3.9794904e-09	5.80395594e-09
-1.17332433e-08	1.1865547e-08	-3.77065706e-08
1.17332433e-08	1.1865547e-08	3.77065706e-08
1.81382698e-08	1.13451185e-08	-3.61533751e-08
-1.81382698e-08	1.13451185e-08	3.61533751e-08
2.55163381e-09	1.250614e-08	-3.86747308e-08
-2.55163381e-09	1.250614e-08	3.86747308e-08
2.78165652e-08	9.99369274e-09	-3.22625708e-08
-2.78165652e-08	9.99369274e-09	3.22625708e-08
-3.25877261e-08	9.0493172e-09	-2.94607532e-08
3.25877261e-08	9.0493172e-09	2.94607532e-08
4.98113256e-08	4.33956679e-09	0
-4.98113256e-08	4.33956679e-09	0
3.62999672e-08	8.66203655e-09	-2.66206717e-08
-3.62999672e-08	8.66203655e-09	2.66206717e-08
6.78018805e-09	1.2974527e-08	-3.82471182e-08
-6.78018805e-09	1.2974527e-08	3.82471182e-08
-2.53408822e-08	1.10790847e-08	-3.33235635e-08
2.53408822e-08	1.10790847e-08	3.33235635e-08
4.95846108e-08	5.55292737e-09	-2.59616615e-09
-4.95846108e-08	5.55292737e-09	2.59616615e-09
-1.65124826e-08	1.31135992e-08	-3.62689636e-08
1.65124826e-08	1.31135992e-08	3.62689636e-08
0	1.40573448e-08	-3.83865898e-08
0	1.40573448e-08	3.83865898e-08
-4.81767269e-08	6.27493939e-09	-9.45314747e-09
4.81767269e-08	6.27493939e-09	9.45314747e-09
4.78312612e-08	6.39719786e-09	-1.04688891e-08
-4.78312612e-08	6.39719786e-09	1.04688891e-08
-4.95475039e-08	5.91212061e-09	-2.54139366e-09
4.95475039e-08	5.91212061e-09	2.54139366e-09
-4.68263093e-08	7.25843035e-09	-1.27652516e-08
4.68263093e-08	7.25843035e-09	1.27652516e-08
2.81100101e-09	1.4696971e-08	-3.81667694e-08
-2.81100101e-09	1.4696971e-08	3.81667694e-08
2.29287248e-08	1.32116033e-08	-3.39385526e-08
-2.29287248e-08	1.32116033e-08	3.39385526e-08
1.29898843e-08	1.44315253e-08	-3.68607671e-08
-1.29898843e-08	1.44315253e-08	3.68607671e-08
-2.55969018e-09	1.51437948e-08	-3.80661611e-08
2.55969018e-09	1.51437948e-08	3.80661611e-08
3.21301077e-08	1.18835091e-08	-2.91362416e-08
-3.21301077e-08	1.18835091e-08	2.91362416e-08
4.58210108e-08	8.37972783e-09	-1.45374579e-08
-4.58210108e-08	8.37972783e-09	1.45374579e-08
4.94781269e-08	7.2052036e-09	0
-4.94781269e-08	7.2052036e-09	0
-2.96458282e-08	1.26945294e-08	-3.05676827e-08
2.96458282e-08	1.26945294e-08	3.05676827e-08
-6.18521244e-09	1.54450634e-08	-3.77205995e-08
6.18521244e-09	1.54450634e-08	3.77205995e-08
-4.46150876e-08	8.99493145e-09	-1.65618388e-08
4.46150876e-08	8.99493145e-09	1.65618388e-08
-2.09444506e-08	1.46431796e-08	-3.43805273e-08
2.09444506e-08	1.46431796e-08	3.43805273e-08
-3.61109622e-08	1.18134036e-08	-2.60023618e-08
3.61109622e-08	1.18134036e-08	2.60023618e-08
4.87372342e-08	8.50898537e-09	-5.78434714e-09
-4.87372342e-08	8.50898537e-09	5.78434714e-09
-4.88231811e-08	8.51415685e-09	-5.29489561e-09
4.88231811e-08	8.51415685e-09	5.29489561e-09
-4.9217744e-08	8.45092861e-09	-1.99125777e-09
4.9217744e-08	8.45092861e-09	1.99125777e-09
4.92027924e-08	8.46337947e-09	-2.18451746e-09
-4.92027924e-08	8.46337947e-09	2.18451746e-09
0	1.68022141e-08	-3.76738475e-08
0	1.68022141e-08	3.76738475e-08
-1.18756657e-08	1.64425683e-08	-3.65610548e-08
1.18756657e-08	1.64425683e-08	3.65610548e-08
-4.15422359e-08	1.12601641e-08	-2.03560522e-08
4.15422359e-08	1.12601641e-08	2.03560522e-08
-2.33839754e-09	1.73993349e-08	-3.74532886e-08
2.33839754e-09	1.73993349e-08	3.74532886e-08
3.15397975e-09	1.75323718e-08	-3.7375229e-08
-3.15397975e-09	1.75323718e-08	3.7375229e-08
1.78053323e-08	1.65867993e-08	-3.49431376e-08
-1.78053323e-08	1.65867993e-08	3.49431376e-08
2.75355208e-08	1.52656959e-08	-3.10741423e-08
-2.75355208e-08	1.52656959e-08	3.10741423e-08
4.89806581e-08	1.00446567e-08	0
-4.89806581e-08	1.00446567e-08	0
3.59974969e-08	1.39289181e-08	-2.54264801e-08
-3.59974969e-08	1.39289181e-08	2.54264801e-08
3.96464228e-08	1.3165801e-08	-2.19792315e-08
-3.96464228e-08	1.3165801e-08	2.19792315e-08
-4.73547953e-08	1.09552986e-08	-9.38099497e-09
4.73547953e-08	1.09552986e-08	9.38099497e-09
4.30837305e-08	1.22479592e-08	-1.77769227e-08
-4.30837305e-08	1.22479592e-08	1.77769227e-08
-2.53608013e-08	1.62712376e-08	-3.19206675e-08
2.53608013e-08	1.62712376e-08	3.19206675e-08
4.69843678e-08	1.11687846e-08	-1.03607701e-08
-4.69843678e-08	1.11687846e-08	1.03607701e-08
7.26526766e-09	1.85306548e-08	-3.66940276e-08
-7.26526766e-09	1.85306548e-08	3.66940276e-08
-4.86930074e-08	1.09898283e-08	-2.29290483e-09
4.86930074e-08	1.09898283e-08	2.29290483e-09
4.86645944e-08	1.10341268e-08	-2.53049284e-09
-4.86645944e-08	1.10341268e-08	2.53049284e-09
-4.5566532e-08	1.23836001e-08	-1.31535573e-08
4.5566532e-08	1.23836001e-08	1.31535573e-08
-1.63165416e-08	1.82890507e-08	-3.48645938e-08
1.63165416e-08	1.82890507e-08	3.48645938e-08
0	1.9509452e-08	-3.68293907e-08
0	1.9509452e-08	3.68293907e-08
1.31528986e-08	1.90410688e-08	-3.54575934e-08
-1.31528986e-08	1.90410688e-08	3.54575934e-08
-3.31521186e-08	1.64501542e-08	-2.68962981e-08
3.31521186e-08	1.64501542e-08	2.68962981e-08
2.25977981e-08	1.84366454e-08	-3.24905365e-08
-2.25977981e-08	1.84366454e-08	3.24905365e-08
-2.90774809e-09	2.00608772e-08	-3.65653931e-08
2.90774809e-09	2.00608772e-08	3.65653931e-08
2.72867328e-09	2.01000004e-08	-3.65604755e-08
-2.72867328e-09	2.01000004e-08	3.65604755e-08
-4.30949162e-08	1.43078704e-08	-1.67449201e-08
4.30949162e-08	1.43078704e-08	1.67449201e-08
3.18003622e-08	1.71247211e-08	-2.76605815e-08
-3.18003622e-08	1.71247211e-08	2.76605815e-08
4.83209642e-08	1.28485182e-08	0
-4.83209642e-08	1.28485182e-08	0
-2.9455515e-08	1.78818377e-08	-2.89839957e-08
2.9455515e-08	1.78818377e-08	2.89839957e-08
-3.70776064e-08	1.63869994e-08	-2.34157876e-08
3.70776064e-08	1.63869994e-08	2.34157876e-08
-6.70735467e-09	2.08168721e-08	-3.5970381e-08
6.70735467e-09	2.08168721e-08	3.5970381e-08
-4.76425476e-08	1.37007408e-08	-5.21397285e-09
4.76425476e-08	1.37007408e-08	5.21397285e-09
4.75068406e-08	1.38460506e-08	-5.73477717e-09
-4.75068406e-08	1.38460506e-08	5.73477717e-09
-2.08040622e-08	1.97770761e-08	-3.27517524e-08
2.08040622e-08	1.97770761e-08	3.27517524e-08
-4.7968465e-08	1.38932914e-08	-1.96005292e-09
4.7968465e-08	1.38932914e-08	1.96005292e-09
4.79407906e-08	1.39438828e-08	-2.15387731e-09
-4.79407906e-08	1.39438828e-08	2.15387731e-09
-1.21371644e-08	2.09304159e-08	-3.50049773e-08
1.21371644e-08	2.09304159e-08	3.50049773e-08
-4.04603863e-08	1.64110198e-08	-1.94917102e-08
4.04603863e-08	1.64110198e-08	1.94917102e-08
0	2.21716768e-08	-3.58522903e-08
0	2.21716768e-08	3.58522903e-08
-4.60423086e-08	1.55580698e-08	-9.39965213e-09
4.60423086e-08	1.55580698e-08	9.39965213e-09
4.38171717e-08	1.63283054e-08	-1.41634325e-08
-4.38171717e-08	1.63283054e-08	1.41634325e-08
4.56254554e-08	1.58504582e-08	-1.03407789e-08
-4.56254554e-08	1.58504582e-08	1.03407789e-08
3.73461177e-08	1.80808779e-08	-2.23191303e-08
-3.73461177e-08	1.80808779e-08	2.23191303e-08
1.72016497e-08	2.15747358e-08	-3.33575445e-08
-1.72016497e-08	2.15747358e-08	3.33575445e-08
4.08703499e-08	1.72374851e-08	-1.84604851e-08
-4.08703499e-08	1.72374851e-08	1.84604851e-08
-2.52915965e-09	2.26058331e-08	-3.56209346e-08
2.52915965e-09	2.26058331e-08	3.56209346e-08
2.69951934e-08	2.04302102e-08	-2.94359349e-08
-2.69951934e-08	2.04302102e-08	2.94359349e-08
3.21713401e-09	2.26987205e-08	-3.55475401e-08
-3.21713401e-09	2.26987205e-08	3.55475401e-08
4.75016293e-08	1.56075372e-08	0
-4.75016293e-08	1.56075372e-08	0
-4.71778686e-08	1.63144042e-08	-2.27528415e-09
4.71778686e-08	1.63144042e-08	2.27528415e-09
4.7138318e-08	1.63774864e-08	-2.49888534e-09
-4.7138318e-08	1.63774864e-08	2.49888534e-09
6.48743702e-09	2.34825767e-08	-3.49306216e-08
-6.48743702e-09	2.34825767e-08	3.49306216e-08
-4.39450398e-08	1.75987619e-08	-1.28776907e-08
4.39450398e-08	1.75987619e-08	1.28776907e-08
-1.58835922e-08	2.3161079e-08	-3.30940567e-08
1.58835922e-08	2.3161079e-08	3.30940567e-08
-2.43574559e-08	2.26234105e-08	-2.98786414e-08
2.43574559e-08	2.26234105e-08	2.98786414e-08
-3.39150318e-08	2.09681145e-08	-2.41344075e-08
3.39150318e-08	2.09681145e-08	2.41344075e-08
-2.91645158e-08	2.20143585e-08	-2.73033219e-08
2.91645158e-08	2.20143585e-08	2.73033219e-08
-3.24816004e-09	2.4665147e-08	-3.46971351e-08
3.24816004e-09	2.4665147e-08	3.46971351e-08
0	2.4780972e-08	-3.47415917e-08
0	2.4780972e-08	3.47415917e-08
2.16902989e-08	2.35702753e-08	-3.07138854e-08
-2.16902989e-08	2.35702753e-08	3.07138854e-08
-7.48369017e-09	2.48537265e-08	-3.41880603e-08
7.48369017e-09	2.48537265e-08	3.41880603e-08
4.6525765e-08	1.83126511e-08	0
-4.6525765e-08	1.83126511e-08	0
2.61032912e-09	2.52114478e-08	-3.44796203e-08
-2.61032912e-09	2.52114478e-08	3.44796203e-08
3.09856898e-08	2.22865644e-08	-2.58388368e-08
-3.09856898e-08	2.22865644e-08	2.58388368e-08
-3.75000356e-08	2.09111377e-08	-2.04973622e-08
3.75000356e-08	2.09111377e-08	2.04973622e-08
-4.57229856e-08	1.92726698e-08	-4.929765e-09
4.57229856e-08	1.92726698e-08	4.929765e-09
-4.60936848e-08	1.92355988e-08	-1.85281859e-09
4.60936848e-08	1.92355988e-08	1.85281859e-09
4.60511378e-08	1.93112583e-08	-2.01879255e-09
-4.60511378e-08	1.93112583e-08	2.01879255e-09
4.55428784e-08	1.95180222e-08	-5.36018115e-09
-4.55428784e-08	1.95180222e-08	5.36018115e-09
-2.0100119e-08	2.48053075e-08	-3.07837041e-08
2.0100119e-08	2.48053075e-08	3.07837041e-08
-4.03881735e-08	2.10139822e-08	-1.65352084e-08
4.03881735e-08	2.10139822e-08	1.65352084e-08
-4.42389603e-08	2.00560608e-08	-9.48831078e-09
4.42389603e-08	2.00560608e-08	9.48831078e-09
4.37603445e-08	2.0404734e-08	-1.03901208e-08
-4.37603445e-08	2.0404734e-08	1.03901208e-08
4.14037227e-08	2.12369149e-08	-1.46363971e-08
-4.14037227e-08	2.12369149e-08	1.46363971e-08
3.82581058e-08	2.23363803e-08	-1.85455712e-08
-3.82581058e-08	2.23363803e-08	1.85455712e-08
3.42521053e-08	2.34246274e-08	-2.231527e-08
-3.42521053e-08	2.34246274e-08	2.231527e-08
4.5396997e-08	2.09550152e-08	0
-4.5396997e-08	2.09550152e-08	0
0	2.73287973e-08	-3.34963815e-08
0	2.73287973e-08	3.34963815e-08
1.60348358e-08	2.66013471e-08	-3.13458374e-08
-1.60348358e-08	2.66013471e-08	3.13458374e-08
-2.73247239e-09	2.74402277e-08	-3.33664982e-08
2.73247239e-09	2.74402277e-08	3.33664982e-08
2.58460495e-08	2.55032246e-08	-2.74991463e-08
-2.58460495e-08	2.55032246e-08	2.74991463e-08
-4.51706953e-08	2.12855355e-08	-2.04497661e-09
4.51706953e-08	2.12855355e-08	2.04497661e-09
4.512408e-08	2.13551031e-08	-2.23097818e-09
-4.512408e-08	2.13551031e-08	2.23097818e-09
8.28978534e-09	2.74139516e-08	-3.27878486e-08
-8.28978534e-09	2.74139516e-08	3.27878486e-08
3.32812631e-09	2.76599294e-08	-3.32154362e-08
-3.32812631e-09	2.76599294e-08	3.32154362e-08
-2.56039596e-08	2.66498997e-08	-2.69425475e-08
2.56039596e-08	2.66498997e-08	2.69425475e-08
-1.49085291e-08	2.80562991e-08	-3.08864226e-08
1.49085291e-08	2.80562991e-08	3.08864226e-08
-3.01079532e-08	2.60921954e-08	-2.41688526e-08
3.01079532e-08	2.60921954e-08	2.41688526e-08
-3.41804548e-08	2.53281403e-08	-2.10170494e-08
3.41804548e-08	2.53281403e-08	2.10170494e-08
4.41194494e-08	2.35260321e-08	0
-4.41194494e-08	2.35260321e-08	0
-3.72168913e-08	2.53492868e-08	-1.7386278e-08
3.72168913e-08	2.53492868e-08	1.7386278e-08
-4.00096606e-08	2.47054068e-08	-1.35969394e-08
4.00096606e-08	2.47054068e-08	1.35969394e-08
-7.88119573e-09	2.93909334e-08	-3.17395379e-08
7.88119573e-09	2.93909334e-08	3.17395379e-08
-4.19547151e-08	2.43886722e-08	-9.63309449e-09
4.19547151e-08	2.43886722e-08	9.63309449e-09
-4.38231505e-08	2.39011389e-08	-2.30019665e-09
4.38231505e-08	2.39011389e-08	2.30019665e-09
2.03156868e-08	2.84965933e-08	-2.8568145e-08
-2.03156868e-08	2.84965933e-08	2.8568145e-08
4.37589926e-08	2.39868542e-08	-2.50201739e-09
-4.37589926e-08	2.39868542e-08	2.50201739e-09
0	2.98058989e-08	-3.21158741e-08
0	2.98058989e-08	3.21158741e-08
4.13943892e-08	2.47894725e-08	-1.04914927e-08
-4.13943892e-08	2.47894725e-08	1.04914927e-08
3.01607538e-09	2.99242969e-08	-3.19543649e-08
-3.01607538e-09	2.99242969e-08	3.19543649e-08
-3.15884637e-09	2.99371431e-08	-3.19378311e-08
3.15884637e-09	2.99371431e-08	3.19378311e-08
-4.31100858e-08	2.44443983e-08	-5.30611111e-09
4.31100858e-08	2.44443983e-08	5.30611111e-09
4.28897127e-08	2.46254912e-08	-5.88191705e-09
-4.28897127e-08	2.46254912e-08	5.88191705e-09
3.86302768e-08	2.6098511e-08	-1.44569859e-08
-3.86302768e-08	2.6098511e-08	1.44569859e-08
3.51903981e-08	2.7124787e-08	-1.83456905e-08
-3.51903981e-08	2.7124787e-08	1.83456905e-08
3.09135885e-08	2.82676588e-08	-2.18399929e-08
-3.09135885e-08	2.82676588e-08	2.18399929e-08
2.59388032e-08	2.94008247e-08	-2.48228281e-08
-2.59388032e-08	2.94008247e-08	2.48228281e-08
4.26977276e-08	2.60173799e-08	0
-4.26977276e-08	2.60173799e-08	0
-4.24515826e-08	2.62995174e-08	-1.99174648e-09
4.24515826e-08	2.62995174e-08	1.99174648e-09
4.23922693e-08	2.63716631e-08	-2.18077208e-09
-4.23922693e-08	2.63716631e-08	2.18077208e-09
1.44791355e-08	3.13376972e-08	-2.89363812e-08
-1.44791355e-08	3.13376972e-08	2.89363812e-08
8.71494899e-09	3.18548649e-08	-3.00326995e-08
-8.71494899e-09	3.18548649e-08	3.00326995e-08
-2.87810065e-09	3.21462859e-08	-3.05504995e-08
2.87810065e-09	3.21462859e-08	3.05504995e-08
0	3.22022217e-08	-3.05995233e-08
0	3.22022217e-08	3.05995233e-08
3.48810249e-09	3.23490474e-08	-3.03723271e-08
-3.48810249e-09	3.23490474e-08	3.03723271e-08
-2.65782226e-08	3.03268216e-08	-2.36491958e-08
2.65782226e-08	3.03268216e-08	2.36491958e-08
-3.44952439e-08	2.88951694e-08	-1.74382997e-08
3.44952439e-08	2.88951694e-08	1.74382997e-08
-1.6678368e-08	3.16523596e-08	-2.79423426e-08
1.6678368e-08	3.16523596e-08	2.79423426e-08
-2.17721162e-08	3.10969147e-08	-2.60332938e-08
2.17721162e-08	3.10969147e-08	2.60332938e-08
-3.0757096e-08	2.98277493e-08	-2.06193139e-08
3.0757096e-08	2.98277493e-08	2.06193139e-08
-3.91917132e-08	2.85127721e-08	-9.83158802e-09
3.91917132e-08	2.85127721e-08	9.83158802e-09
-3.68484126e-08	2.92192906e-08	-1.35865237e-08
3.68484126e-08	2.92192906e-08	1.35865237e-08
3.85409988e-08	2.8944022e-08	-1.06383458e-08
-3.85409988e-08	2.8944022e-08	1.06383458e-08
4.11369002e-08	2.84210387e-08	0
-4.11369002e-08	2.84210387e-08	0
-4.09075892e-08	2.86002106e-08	-2.34566543e-09
4.09075892e-08	2.86002106e-08	2.34566543e-09
4.08225319e-08	2.86967123e-08	-2.53229874e-09
-4.08225319e-08	2.86967123e-08	2.53229874e-09
-4.01962387e-08	2.89446005e-08	-5.45365933e-09
4.01962387e-08	2.89446005e-08	5.45365933e-09
3.99319353e-08	2.9169796e-08	-5.90937127e-09
-3.99319353e-08	2.9169796e-08	5.90937127e-09
-8.2873672e-09	3.37075399e-08	-2.8790235e-08
8.2873672e-09	3.37075399e-08	2.8790235e-08
1.85342523e-08	3.30891279e-08	-2.60656538e-08
-1.85342523e-08	3.30891279e-08	2.60656538e-08
3.54691386e-08	3.05472898e-08	-1.40582398e-08
-3.54691386e-08	3.05472898e-08	1.40582398e-08
-3.36103192e-09	3.44521521e-08	-2.88638479e-08
3.36103192e-09	3.44521521e-08	2.88638479e-08
3.16976679e-09	3.44765207e-08	-2.88590739e-08
-3.16976679e-09	3.44765207e-08	2.88590739e-08
0	3.45068304e-08	-2.89471647e-08
0	3.45068304e-08	2.89471647e-08
3.17488209e-08	3.16649065e-08	-1.76969343e-08
-3.17488209e-08	3.16649065e-08	1.76969343e-08
2.72567565e-08	3.27330986e-08	-2.09473776e-08
-2.72567565e-08	3.27330986e-08	2.09473776e-08
2.20815047e-08	3.37766072e-08	-2.36175928e-08
-2.20815047e-08	3.37766072e-08	2.36175928e-08
3.94424785e-08	3.07293164e-08	0
-3.94424785e-08	3.07293164e-08	0
-3.92552791e-08	3.08628966e-08	-2.04034227e-09
3.92552791e-08	3.08628966e-08	2.04034227e-09
3.9175777e-08	3.0946723e-08	-2.19946626e-09
-3.9175777e-08	3.0946723e-08	2.19946626e-09
-3.4018192e-08	3.23879482e-08	-1.37120893e-08
3.4018192e-08	3.23879482e-08	1.37120893e-08
-3.08043212e-08	3.30676967e-08	-1.71136668e-08
3.08043212e-08	3.30676967e-08	1.71136668e-08
-1.24782562e-08	3.5384141e-08	-2.64394334e-08
1.24782562e-08	3.5384141e-08	2.64394334e-08
-2.24520854e-08	3.44523286e-08	-2.27535093e-08
2.24520854e-08	3.44523286e-08	2.27535093e-08
-2.68874707e-08	3.39019474e-08	-2.00435028e-08
2.68874707e-08	3.39019474e-08	2.00435028e-08
-1.75222483e-08	3.5126441e-08	-2.47755228e-08
1.75222483e-08	3.5126441e-08	2.47755228e-08
9.08239965e-09	3.60463675e-08	-2.67512321e-08
-9.08239965e-09	3.60463675e-08	2.67512321e-08
-3.57733224e-08	3.28288586e-08	-9.55105694e-09
3.57733224e-08	3.28288586e-08	9.55105694e-09
-3.04570393e-09	3.65159134e-08	-2.7215428e-08
3.04570393e-09	3.65159134e-08	2.7215428e-08
0	3.67078463e-08	-2.71591931e-08
0	3.67078463e-08	2.71591931e-08
3.69986429e-09	3.66885934e-08	-2.70141666e-08
-3.69986429e-09	3.66885934e-08	2.70141666e-08
-3.74911208e-08	3.29442986e-08	-2.41184434e-09
3.74911208e-08	3.29442986e-08	2.41184434e-09
3.76203953e-08	3.2934873e-08	0
-3.76203953e-08	3.2934873e-08	0
3.52587221e-08	3.34479229e-08	-9.39987974e-09
-3.52587221e-08	3.34479229e-08	9.39987974e-09
-3.68013684e-08	3.31345099e-08	-5.52889377e-09
3.68013684e-08	3.31345099e-08	5.52889377e-09
3.73821639e-08	3.30477225e-08	-2.5826329e-09
-3.73821639e-08	3.30477225e-08	2.5826329e-09
3.64930881e-08	3.33990186e-08	-5.81089075e-09
-3.64930881e-08	3.33990186e-08	5.81089075e-09
2.79180071e-08	3.58372188e-08	-1.67098271e-08
-2.79180071e-08	3.58372188e-08	1.67098271e-08
-3.02029331e-08	3.56769312e-08	-1.41972258e-08
3.02029331e-08	3.56769312e-08	1.41972258e-08
2.32370098e-08	3.67983764e-08	-1.9692368e-08
-2.32370098e-08	3.67983764e-08	1.9692368e-08
-3.6196624e-09	3.85792756e-08	-2.52797157e-08
3.6196624e-09	3.85792756e-08	2.52797157e-08
1.7885994e-08	3.77301231e-08	-2.20040582e-08
-1.7885994e-08	3.77301231e-08	2.20040582e-08
-3.55706907e-08	3.5042123e-08	-2.08239565e-09
3.55706907e-08	3.5042123e-08	2.08239565e-09
3.56769818e-08	3.50307433e-08	0
-3.56769818e-08	3.50307433e-08	0
3.33247231e-09	3.86470775e-08	-2.52386755e-08
-3.33247231e-09	3.86470775e-08	2.52386755e-08
3.54680208e-08	3.51347345e-08	-2.20108162e-09
-3.54680208e-08	3.51347345e-08	2.20108162e-09
0	3.8792414e-08	-2.5236781e-08
0	3.8792414e-08	2.5236781e-08
-7.77429785e-09	3.88001982e-08	-2.44505039e-08
7.77429785e-09	3.88001982e-08	2.44505039e-08
-2.69154057e-08	3.70379327e-08	-1.60748743e-08
2.69154057e-08	3.70379327e-08	1.60748743e-08
-1.27827906e-08	3.86686507e-08	-2.32046302e-08
1.27827906e-08	3.86686507e-08	2.32046302e-08
3.1594161e-08	3.63066513e-08	-1.08409907e-08
-3.1594161e-08	3.63066513e-08	1.08409907e-08
-3.20878888e-08	3.62231894e-08	-1.00637311e-08
3.20878888e-08	3.62231894e-08	1.00637311e-08
-2.2768351e-08	3.77714395e-08	-1.88454014e-08
2.2768351e-08	3.77714395e-08	1.88454014e-08
-1.76837069e-08	3.83526831e-08	-2.14118952e-08
1.76837069e-08	3.83526831e-08	2.14118952e-08
-3.29604342e-08	3.69280135e-08	-5.65298326e-09
3.29604342e-08	3.69280135e-08	5.65298326e-09
-3.36161888e-08	3.68809154e-08	-2.49799084e-09
3.36161888e-08	3.68809154e-08	2.49799084e-09
3.34808114e-08	3.69870896e-08	-2.65215009e-09
-3.34808114e-08	3.69870896e-08	2.65215009e-09
3.26495811e-08	3.71448437e-08	-5.89320637e-09
-3.26495811e-08	3.71448437e-08	5.89320637e-09
3.36189438e-08	3.70103582e-08	0
-3.36189438e-08	3.70103582e-08	0
-3.77170737e-09	4.04685585e-08	-2.32973131e-08
3.77170737e-09	4.04685585e-08	2.32973131e-08
3.96701086e-09	4.05892872e-08	-2.31416174e-08
-3.96701086e-09	4.05892872e-08	2.31416174e-08
0	4.07467122e-08	-2.31821372e-08
0	4.07467122e-08	2.31821372e-08
2.77938052e-08	3.86786672e-08	-1.21711816e-08
-2.77938052e-08	3.86786672e-08	1.21711816e-08
2.37649384e-08	3.95471828e-08	-1.54142384e-08
-2.37649384e-08	3.95471828e-08	1.54142384e-08
9.03513871e-09	4.09147914e-08	-2.18261658e-08
-9.03513871e-09	4.09147914e-08	2.18261658e-08
1.89142741e-08	4.03834677e-08	-1.80917798e-08
-1.89142741e-08	4.03834677e-08	1.80917798e-08
-2.8045003e-08	3.92511505e-08	-1.05170334e-08
2.8045003e-08	3.92511505e-08	1.05170334e-08
3.13717612e-08	3.87875188e-08	-2.69411031e-09
-3.13717612e-08	3.87875188e-08	2.69411031e-09
-3.14484413e-08	3.87792506e-08	-2.14144143e-09
3.14484413e-08	3.87792506e-08	2.14144143e-09
3.14533369e-08	3.88675649e-08	0
-3.14533369e-08	3.88675649e-08	0
1.34164765e-08	4.11866993e-08	-1.99784517e-08
-1.34164765e-08	4.11866993e-08	1.99784517e-08
-1.86327753e-08	4.08018948e-08	-1.76730315e-08
1.86327753e-08	4.08018948e-08	1.76730315e-08
-2.26795327e-08	4.05375621e-08	-1.48020508e-08
2.26795327e-08	4.05375621e-08	1.48020508e-08
-3.93969862e-09	4.22249465e-08	-2.11891695e-08
3.93969862e-09	4.22249465e-08	2.11891695e-08
-1.35335572e-08	4.17642931e-08	-1.91430263e-08
1.35335572e-08	4.17642931e-08	1.91430263e-08
4.12240773e-09	4.23440114e-08	-2.10141355e-08
-4.12240773e-09	4.23440114e-08	2.10141355e-08
-2.87589888e-08	4.02322157e-08	-5.89450653e-09
2.87589888e-08	4.02322157e-08	5.89450653e-09
2.85304583e-08	4.02756761e-08	-6.39414066e-09
-2.85304583e-08	4.02756761e-08	6.39414066e-09
-8.0733669e-09	4.23538604e-08	-2.02539281e-08
8.0733669e-09	4.23538604e-08	2.02539281e-08
0	4.25560316e-08	-2.09988065e-08
0	4.25560316e-08	2.09988065e-08
-2.93290214e-08	4.03634746e-08	-2.6044174e-09
2.93290214e-08	4.03634746e-08	2.6044174e-09
2.916512e-08	4.04679691e-08	-2.74100728e-09
-2.916512e-08	4.04679691e-08	2.74100728e-09
2.91875395e-08	4.05966444e-08	0
-2.91875395e-08	4.05966444e-08	0
2.35128223e-08	4.19963139e-08	-1.08356983e-08
-2.35128223e-08	4.19963139e-08	1.08356983e-08
1.936223e-08	4.27297512e-08	-1.38395932e-08
-1.936223e-08	4.27297512e-08	1.38395932e-08
-4.12408811e-09	4.38352728e-08	-1.89561304e-08
4.12408811e-09	4.38352728e-08	1.89561304e-08
-2.70456956e-08	4.19216865e-08	-2.66563989e-09
2.70456956e-08	4.19216865e-08	2.66563989e-09
1.43539041e-08	4.34282662e-08	-1.61582402e-08
-1.43539041e-08	4.34282662e-08	1.61582402e-08
4.29268785e-09	4.39506026e-08	-1.87602535e-08
-4.29268785e-09	4.39506026e-08	1.87602535e-08
2.68668368e-08	4.2023612e-08	-2.7930324e-09
-2.68668368e-08	4.2023612e-08	2.7930324e-09
-2.23167206e-08	4.27803183e-08	-1.04860547e-08
2.23167206e-08	4.27803183e-08	1.04860547e-08
2.68292267e-08	4.21923286e-08	0
-2.68292267e-08	4.21923286e-08	0
0	4.42049425e-08	-1.86919972e-08
0	4.42049425e-08	1.86919972e-08
8.72210232e-09	4.41422568e-08	-1.74426804e-08
-8.72210232e-09	4.41422568e-08	1.74426804e-08
-1.43371727e-08	4.37980142e-08	-1.55162764e-08
1.43371727e-08	4.37980142e-08	1.55162764e-08
2.43746285e-08	4.27329683e-08	-7.14516502e-09
-2.43746285e-08	4.27329683e-08	7.14516502e-09
-1.85028082e-08	4.34908387e-08	-1.30523387e-08
1.85028082e-08	4.34908387e-08	1.30523387e-08
-2.39915674e-08	4.32027721e-08	-6.08868736e-09
2.39915674e-08	4.32027721e-08	6.08868736e-09
-9.40763856e-09	4.45887014e-08	-1.64602609e-08
9.40763856e-09	4.45887014e-08	1.64602609e-08
-2.46768472e-08	4.33518865e-08	-2.73257624e-09
2.46768472e-08	4.33518865e-08	2.73257624e-09
2.44825821e-08	4.345006e-08	-2.85045549e-09
-2.44825821e-08	4.345006e-08	2.85045549e-09
2.43863418e-08	4.36498148e-08	0
-2.43863418e-08	4.36498148e-08	0
-4.32501708e-09	4.52861193e-08	-1.65980553e-08
4.32501708e-09	4.52861193e-08	1.65980553e-08
4.47769005e-09	4.53953936e-08	-1.6379666e-08
-4.47769005e-09	4.53953936e-08	1.6379666e-08
0	4.56775777e-08	-1.6268918e-08
0	4.56775777e-08	1.6268918e-08
1.4783001e-08	4.53412795e-08	-1.20168216e-08
-1.4783001e-08	4.53412795e-08	1.20168216e-08
-2.22275495e-08	4.46501607e-08	-2.80561613e-09
2.22275495e-08	4.46501607e-08	2.80561613e-09
2.21300405e-08	4.47206644e-08	-2.57041422e-09
-2.21300405e-08	4.47206644e-08	2.57041422e-09
-9.58795545e-09	4.59411056e-08	-1.37982242e-08
9.58795545e-09	4.59411056e-08	1.37982242e-08
1.92260129e-08	4.52550915e-08	-7.25918433e-09
-1.92260129e-08	4.52550915e-08	7.25918433e-09
2.18670679e-08	4.49647789e-08	0
-2.18670679e-08	4.49647789e-08	0
-1.3728129e-08	4.58248209e-08	-1.1637849e-08
1.3728129e-08	4.58248209e-08	1.1637849e-08
1.00105801e-08	4.61314305e-08	-1.31861601e-08
-1.00105801e-08	4.61314305e-08	1.31861601e-08
-1.90390877e-08	4.54905839e-08	-6.60278342e-09
1.90390877e-08	4.54905839e-08	6.60278342e-09
-4.54176992e-09	4.65641366e-08	-1.41116352e-08
4.54176992e-09	4.65641366e-08	1.41116352e-08
4.6762463e-09	4.66647963e-08	-1.38686294e-08
-4.6762463e-09	4.66647963e-08	1.38686294e-08
-1.97016916e-08	4.58130581e-08	-2.88522312e-09
1.97016916e-08	4.58130581e-08	2.88522312e-09
1.9475049e-08	4.5900102e-08	-2.9829488e-09
-1.9475049e-08	4.5900102e-08	2.9829488e-09
0	4.69580511e-08	-1.37390874e-08
0	4.69580511e-08	1.37390874e-08
1.92797989e-08	4.61333865e-08	0
-1.92797989e-08	4.61333865e-08	0
-1.71008546e-08	4.68376014e-08	-2.97185335e-09
1.71008546e-08	4.68376014e-08	2.97185335e-09
-1.42264798e-08	4.7124713e-08	-7.01398338e-09
1.42264798e-08	4.7124713e-08	7.01398338e-09
1.69627893e-08	4.69176883e-08	-2.65261296e-09
-1.69627893e-08	4.69176883e-08	2.65261296e-09
-4.7708026e-09	4.76564583e-08	-1.14849862e-08
4.7708026e-09	4.76564583e-08	1.14849862e-08
-9.21524106e-09	4.75013033e-08	-1.00782704e-08
9.21524106e-09	4.75013033e-08	1.00782704e-08
1.3498526e-08	4.72703269e-08	-7.30176918e-09
-1.3498526e-08	4.72703269e-08	7.30176918e-09
4.88386926e-09	4.77457355e-08	-1.12140643e-08
-4.88386926e-09	4.77457355e-08	1.12140643e-08
1.66331098e-08	4.71523028e-08	0
-1.66331098e-08	4.71523028e-08	0
0	4.80310177e-08	-1.11145694e-08
0	4.80310177e-08	1.11145694e-08
-1.4421977e-08	4.77212953e-08	-3.06563412e-09
1.4421977e-08	4.77212953e-08	3.06563412e-09
1.41591819e-08	4.77922736e-08	-3.14107226e-09
-1.41591819e-08	4.77922736e-08	3.14107226e-09
1.39357265e-08	4.80186998e-08	0
-1.39357265e-08	4.80186998e-08	0
-4.78548626e-09	4.85838781e-08	-8.64244088e-09
4.78548626e-09	4.85838781e-08	8.64244088e-09
-7.75136049e-09	4.86438244e-08	-6.86765225e-09
7.75136049e-09	4.86438244e-08	6.86765225e-09
-1.17179083e-08	4.84936082e-08	-2.66059744e-09
1.17179083e-08	4.84936082e-08	2.66059744e-09
6.865534e-09	4.87469311e-08	-7.00176675e-09
-6.865534e-09	4.87469311e-08	7.00176675e-09
0	4.88823625e-08	-8.41007548e-09
0	4.88823625e-08	8.41007548e-09
1.14973737e-08	4.85387264e-08	-2.74837411e-09
-1.14973737e-08	4.85387264e-08	2.74837411e-09
1.11964958e-08	4.87302625e-08	0
-1.11964958e-08	4.87302625e-08	0
-8.75364616e-09	4.90586081e-08	-3.26206362e-09
8.75364616e-09	4.90586081e-08	3.26206362e-09
8.44079906e-09	4.91084896e-08	-3.30905739e-09
-8.44079906e-09	4.91084896e-08	3.30905739e-09
8.42435505e-09	4.92851929e-08	0
-8.42435505e-09	4.92851929e-08	0
0	4.94999681e-08	-5.64287327e-09
0	4.94999681e-08	5.64287327e-09
-5.62380202e-09	4.95097055e-08	-3.31415546e-09
5.62380202e-09	4.95097055e-08	3.31415546e-09
5.26489491e-09	4.95471289e-08	-3.33350479e-09
-5.26489491e-09	4.95471289e-08	3.33350479e-09
5.62830136e-09	4.96822123e-08	0
-5.62830136e-09	4.96822123e-08	0
0	4.98744856e-08	-2.83246137e-09
0	4.98744856e-08	2.83246137e-09
2.81736163e-09	4.99205616e-08	0
-2.81736163e-09	4.99205616e-08	0
0	5e-08	0
