1070	1084	1106
406	436	440
440	468	484
1044	1056	1070
1106	1110	1138
372	400	406
338	366	372
484	504	518
1014	1026	1044
1138	1142	1166
302	330	338
518	538	564
988	992	1014
1166	1170	1196
930	900	892
892	860	850
454	444	428
428	420	388
564	582	602
946	962	988
1196	1202	1218
270	296	302
850	832	810
498	488	454
968	940	930
388	380	358
810	782	772
532	514	498
234	262	270
906	924	946
1008	986	968
602	618	640
1218	1222	1248
358	352	322
772	746	730
574	560	532
1046	1016	1008
322	316	288
204	232	234
640	660	676
872	890	906
1248	1244	1270
730	712	692
610	598	574
178	208	204
1270	1266	1296
1086	1060	1046
288	280	258
676	702	716
838	846	872
692	672	652
652	636	610
144	180	178
1296	1294	1314
1118	1090	1086
258	252	224
716	738	758
792	812	838
124	150	144
1314	1310	1334
758	774	792
1158	1120	1118
224	222	190
98	130	124
1334	1332	1352
1190	1156	1158
190	192	168
80	106	98
1352	1346	1370
1084	1110	1106
1084	1096	1110
1070	1056	1084
1056	1028	1084
436	468	440
436	462	468
406	400	436
400	462	436
468	504	484
468	462	504
1044	1026	1056
1026	1028	1056
1110	1142	1138
1110	1096	1142
372	366	400
366	390	400
504	538	518
504	542	538
1014	992	1026
992	1028	1026
338	330	366
330	390	366
1142	1170	1166
1142	1146	1170
1224	1192	1190
168	170	138
538	582	564
538	542	582
988	962	992
962	956	992
302	296	330
296	326	330
1170	1202	1196
1170	1146	1202
860	832	850
860	842	832
892	900	860
900	842	860
444	420	428
444	438	420
454	488	444
488	438	444
930	940	900
940	920	900
420	380	388
420	438	380
582	618	602
582	616	618
946	924	962
924	956	962
58	86	80
1370	1366	1386
1202	1222	1218
1202	1204	1222
270	262	296
262	326	296
832	782	810
832	842	782
498	514	488
514	520	488
968	986	940
986	920	940
380	352	358
380	374	352
782	746	772
782	762	746
532	560	514
560	520	514
906	890	924
890	884	924
618	660	640
618	616	660
352	316	322
352	374	316
1222	1244	1248
1222	1204	1244
234	232	262
232	260	262
1008	1016	986
1016	994	986
746	712	730
746	762	712
574	598	560
598	578	560
1254	1220	1224
138	142	118
1046	1060	1016
1060	994	1016
316	280	288
316	314	280
204	208	232
208	260	232
1244	1266	1270
1244	1246	1266
660	702	676
660	680	702
872	846	890
846	884	890
46	62	58
1386	1376	1394
712	672	692
712	694	672
610	636	598
636	578	598
1086	1090	1060
1090	1058	1060
280	252	258
280	314	252
178	180	208
180	200	208
1266	1294	1296
1266	1246	1294
702	738	716
702	680	738
838	812	846
812	816	846
672	636	652
672	694	636
1294	1310	1314
1294	1286	1310
252	222	224
252	248	222
144	150	180
150	200	180
1118	1120	1090
1120	1058	1090
26	48	46
1394	1392	1408
1290	1252	1254
118	126	96
738	774	758
738	752	774
792	774	812
774	816	812
124	130	150
130	146	150
1310	1332	1334
1310	1286	1332
1158	1156	1120
1156	1114	1120
222	192	190
222	248	192
14	30	26
1408	1406	1414
1316	1282	1290
96	102	78
1332	1346	1352
1332	1322	1346
98	106	130
106	146	130
1190	1192	1156
1192	1114	1156
192	170	168
192	198	170
80	86	106
86	104	106
1346	1366	1370
1346	1322	1366
6	18	14
1414	1412	1422
1224	1220	1192
1220	1184	1192
170	142	138
170	198	142
1340	1308	1316
78	84	56
58	62	86
62	104	86
1366	1376	1386
1366	1350	1376
2	10	6
1422	1420	1426
1254	1252	1220
1252	1184	1220
142	126	118
142	160	126
46	48	62
48	74	62
1376	1392	1394
1376	1350	1392
1368	1338	1340
56	64	44
1	4	2
1426	1424	1428
1290	1282	1252
1282	1260	1252
126	102	96
126	160	102
26	30	48
30	74	48
1392	1406	1408
1392	1382	1406
1388	1362	1368
44	52	28
14	18	30
18	38	30
1406	1412	1414
1406	1382	1412
1316	1308	1282
1308	1260	1282
102	84	78
102	116	84
6	10	18
10	38	18
1412	1420	1422
1412	1402	1420
1404	1384	1388
28	34	16
1340	1338	1308
1338	1318	1308
84	64	56
84	116	64
1028	1096	1084
390	462	400
504	462	542
1142	1096	1146
1420	1424	1426
956	1028	992
2	4	10
326	390	330
920	842	900
582	542	616
1202	1146	1204
520	438	488
380	438	374
1416	1402	1404
16	22	8
782	842	762
1368	1362	1338
1362	1318	1338
64	52	44
64	76	52
884	956	924
994	920	986
260	326	262
578	520	560
316	374	314
1244	1204	1246
660	616	680
712	762	694
1058	994	1060
200	260	208
816	884	846
1388	1384	1362
1384	1356	1362
52	34	28
52	76	34
1294	1246	1286
252	314	248
1424	1420	1416
8	10	4
752	816	774
738	680	752
146	200	150
1114	1058	1120
1332	1286	1322
192	248	198
104	146	106
1184	1114	1192
1404	1402	1384
34	22	16
34	38	22
1366	1322	1350
142	198	160
74	104	62
1260	1184	1252
1392	1350	1382
38	74	30
102	160	116
1402	1416	1420
1412	1382	1402
1318	1260	1308
64	116	76
1356	1318	1362
1384	1402	1356
1028	1036	1096
390	446	462
462	508	542
956	974	1028
1096	1088	1146
542	576	616
920	864	842
520	496	438
22	10	8
842	798	762
326	386	390
438	432	374
884	918	956
578	562	520
1146	1136	1204
994	932	920
616	648	680
374	378	314
762	728	694
260	324	326
1036	1088	1096
1036	1038	1088
1038	1098	1088
1036	972	1038
1028	974	1036
974	972	1036
974	918	972
974	956	918
508	576	542
508	552	576
552	628	576
508	478	552
462	446	508
446	478	508
446	386	478
446	390	386
816	854	884
1088	1136	1146
1088	1098	1136
1098	1152	1136
1152	1198	1136
1098	1100	1152
576	648	616
576	628	648
628	700	648
700	680	648
628	666	700
864	798	842
864	830	798
830	756	798
864	902	830
496	432	438
496	490	432
490	424	432
496	554	490
666	736	700
920	932	864
932	902	864
932	978	902
978	936	902
932	1058	978
936	862	902
978	1010	936
520	562	496
562	554	496
562	612	554
612	608	554
562	578	612
608	536	554
612	674	608
628	590	666
798	728	762
798	756	728
756	682	728
682	694	728
756	674	682
674	612	682
612	644	682
644	694	682
612	578	644
644	636	694
432	378	374
432	424	378
424	356	378
356	310	378
424	410	356
310	314	378
310	248	314
310	274	248
274	198	248
310	356	274
410	340	356
424	474	410
1198	1204	1136
1198	1246	1204
1198	1232	1246
1232	1286	1246
1198	1152	1232
1100	1160	1152
1098	1040	1100
326	324	386
324	370	386
370	478	386
324	304	370
884	854	918
854	870	918
870	972	918
854	802	870
478	510	552
902	862	830
862	788	830
788	756	830
862	834	788
994	1058	932
552	590	628
552	510	590
972	980	1038
490	474	424
490	536	474
536	530	474
490	554	536
1038	1040	1098
1038	980	1040
802	820	870
854	780	802
304	350	370
324	256	304
530	458	474
536	604	530
260	256	324
260	200	256
200	202	256
202	246	256
200	146	202
146	156	202
156	194	202
146	104	156
246	304	256
246	292	304
292	350	304
292	334	350
246	230	292
334	398	350
292	268	334
230	268	292
230	212	268
212	242	268
230	172	212
246	194	230
194	172	230
194	156	172
246	202	194
398	416	350
334	384	398
268	308	334
242	308	268
242	284	308
284	340	308
284	274	340
242	218	284
212	186	242
172	152	212
218	274	284
242	186	218
186	160	218
674	668	608
416	370	350
416	478	370
334	308	384
834	760	788
398	472	416
816	780	854
816	752	780
752	700	780
862	904	834
608	604	536
384	448	398
736	780	700
1010	984	936
340	274	356
1160	1232	1152
590	630	666
474	458	410
458	384	410
1040	1042	1100
666	706	736
978	1048	1010
410	384	340
1100	1102	1160
936	904	862
936	984	904
984	944	904
478	416	510
944	868	904
984	1018	944
972	914	980
152	186	212
802	736	820
820	914	870
172	122	152
780	736	802
530	524	458
604	594	530
668	604	608
448	472	398
706	820	736
914	910	980
472	510	416
472	534	510
534	590	510
472	448	534
630	706	666
1102	1162	1160
760	674	788
1048	1082	1010
868	834	904
868	796	834
796	760	834
796	724	760
868	840	796
724	668	760
796	768	724
840	768	796
840	804	768
868	908	840
804	734	768
840	910	804
768	698	724
908	910	840
908	976	910
976	980	910
908	944	976
976	1040	980
908	868	944
734	698	768
734	664	698
664	594	698
734	706	664
706	630	664
734	820	706
630	592	664
592	594	664
630	534	592
804	820	734
122	76	152
698	656	724
1042	1102	1100
1018	976	944
674	760	668
384	458	448
972	870	914
590	534	630
1010	1052	984
978	1058	1048
172	156	122
1040	976	1042
984	1052	1018
524	448	458
1082	1052	1010
656	668	724
656	604	668
656	594	604
656	698	594
594	524	530
1162	1206	1160
1206	1232	1160
1162	1210	1206
1210	1258	1206
1162	1164	1210
1258	1256	1206
1210	1262	1258
1164	1214	1210
1256	1232	1206
1256	1286	1232
1210	1214	1262
1214	1272	1262
1272	1306	1262
1214	1260	1272
1306	1300	1262
1272	1318	1306
1272	1260	1318
1318	1356	1306
1300	1258	1262
1306	1342	1300
1300	1298	1258
1342	1350	1300
1298	1256	1258
1300	1350	1298
1298	1322	1256
1298	1350	1322
1162	1104	1164
1104	1082	1164
1162	1102	1104
1306	1356	1342
1356	1382	1342
910	820	804
910	914	820
1048	1112	1082
1112	1150	1082
1048	1114	1112
1114	1184	1112
1150	1164	1082
1150	1214	1164
1112	1184	1150
1102	1018	1104
38	10	22
1082	1104	1052
1104	1018	1052
680	700	752
534	524	592
594	592	524
788	674	756
1042	1018	1102
1042	976	1018
104	112	156
112	122	156
112	82	122
104	74	112
82	76	122
112	74	82
1114	1048	1058
578	636	644
274	218	198
152	116	186
1286	1256	1322
1382	1350	1342
308	340	384
198	218	160
82	34	76
1184	1214	1150
1260	1214	1184
160	186	116
524	534	448
74	38	82
1382	1356	1402
116	152	76
34	82	38
1107	1080	1071
1071	1054	1045
485	470	441
441	434	407
1139	1108	1107
1045	1024	1015
519	506	485
407	402	373
1167	1140	1139
1015	990	989
565	540	519
373	368	339
428	450	454
850	866	892
989	960	947
603	584	565
388	418	428
454	486	498
810	824	850
892	898	930
358	382	388
930	938	968
1197	1168	1167
339	336	303
498	522	532
772	786	810
947	922	907
641	622	603
322	354	358
968	982	1008
1219	1194	1197
303	298	271
532	556	574
730	750	772
907	888	873
677	662	641
288	318	322
1008	1006	1046
1249	1216	1219
271	272	235
574	600	610
692	714	730
1271	1242	1249
873	856	839
717	704	677
258	282	288
1046	1050	1086
235	236	205
610	634	652
652	670	692
1297	1268	1271
839	814	793
759	740	717
205	210	179
224	254	258
1086	1092	1118
1315	1292	1297
793	776	759
179	182	145
190	226	224
1118	1116	1158
1335	1304	1315
145	154	125
168	196	190
1158	1154	1190
1353	1330	1335
125	132	99
1054	1024	1045
1054	1022	1024
1071	1080	1054
1080	1022	1054
470	434	441
470	466	434
485	506	470
506	466	470
1107	1108	1080
1108	1094	1080
434	402	407
434	466	402
1024	990	1015
1024	1022	990
519	540	506
540	548	506
1139	1140	1108
1140	1094	1108
402	368	373
402	394	368
990	960	989
990	954	960
565	584	540
584	548	540
1167	1168	1140
1168	1144	1140
368	336	339
368	394	336
450	486	454
450	482	486
866	898	892
866	876	898
960	922	947
960	954	922
428	418	450
418	482	450
850	824	866
824	876	866
603	622	584
622	620	584
388	382	418
382	408	418
898	938	930
898	876	938
486	522	498
486	482	522
810	786	824
786	790	824
1197	1194	1168
1194	1144	1168
1371	1344	1353
99	110	81
336	298	303
336	328	298
358	354	382
354	408	382
938	982	968
938	952	982
138	174	168
1190	1188	1224
522	556	532
522	558	556
772	750	786
750	790	786
922	888	907
922	886	888
641	662	622
662	620	622
1219	1216	1194
1216	1200	1194
298	272	271
298	328	272
322	318	354
318	342	354
982	1006	1008
982	952	1006
556	600	574
556	558	600
730	714	750
714	726	750
888	856	873
888	886	856
677	704	662
704	696	662
1249	1242	1216
1242	1200	1216
272	236	235
272	266	236
288	282	318
282	342	318
1006	1050	1046
1006	1012	1050
1387	1364	1371
81	90	59
692	670	714
670	726	714
600	634	610
600	632	634
856	814	839
856	826	814
118	148	138
1224	1212	1254
717	740	704
740	696	704
1271	1268	1242
1268	1240	1242
236	210	205
236	266	210
258	254	282
254	278	282
1050	1092	1086
1050	1012	1092
634	670	652
634	632	670
814	776	793
814	826	776
1297	1292	1268
1292	1240	1268
759	776	740
776	754	740
210	182	179
210	214	182
1395	1372	1387
59	68	47
224	226	254
226	278	254
1092	1116	1118
1092	1076	1116
1315	1304	1292
1304	1284	1292
182	154	145
182	214	154
96	128	118
1254	1250	1290
190	196	226
196	220	226
1116	1154	1158
1116	1076	1154
1409	1390	1395
47	50	27
1335	1330	1304
1330	1284	1304
154	132	125
154	164	132
168	174	196
174	220	196
1154	1188	1190
1154	1148	1188
78	108	96
1290	1278	1316
1353	1344	1330
1344	1326	1330
1415	1400	1409
27	32	15
132	110	99
132	164	110
1371	1364	1344
1364	1326	1344
110	90	81
110	114	90
138	148	174
148	176	174
1188	1212	1224
1188	1148	1212
56	88	78
1316	1302	1340
1423	1410	1415
15	20	7
1387	1372	1364
1372	1358	1364
90	68	59
90	114	68
118	128	148
128	176	148
1212	1250	1254
1212	1226	1250
1427	1418	1423
7	12	3
1395	1390	1372
1390	1358	1372
68	50	47
68	66	50
44	70	56
1340	1336	1368
96	108	128
108	134	128
1250	1278	1290
1250	1226	1278
1409	1400	1390
1400	1374	1390
50	32	27
50	66	32
1428	1424	1427
3	4	1
28	54	44
1368	1360	1388
78	88	108
88	134	108
1278	1302	1316
1278	1288	1302
1415	1410	1400
1410	1374	1400
32	20	15
32	40	20
1094	1022	1080
548	466	506
402	466	394
990	1022	954
1423	1418	1410
1418	1398	1410
20	12	7
20	40	12
56	70	88
70	94	88
1302	1336	1340
1302	1288	1336
16	36	28
1388	1378	1404
1144	1094	1140
620	548	584
408	482	418
790	876	824
336	394	328
938	876	952
522	482	558
922	954	886
1200	1144	1194
342	408	354
726	790	750
696	620	662
272	328	266
1006	952	1012
600	558	632
1427	1424	1418
12	4	3
856	886	826
44	54	70
54	94	70
1336	1360	1368
1336	1328	1360
1240	1200	1242
8	24	16
1404	1396	1416
278	342	282
754	696	740
776	826	754
210	266	214
1092	1012	1076
1284	1240	1292
28	36	54
36	60	54
1360	1378	1388
1360	1348	1378
220	278	226
154	214	164
1154	1076	1148
1326	1284	1330
4	12	8
176	220	174
1416	1398	1424
110	164	114
1358	1326	1364
1212	1148	1226
68	114	66
134	176	128
1374	1358	1390
1278	1226	1288
32	66	40
1398	1374	1410
1418	1424	1398
94	134	88
1328	1348	1360
1328	1320	1348
1336	1288	1328
1320	1354	1348
1328	1280	1320
60	94	54
36	42	60
1348	1380	1378
548	516	466
1022	970	954
16	24	36
24	42	36
24	40	42
40	72	42
1378	1396	1404
1378	1380	1396
1380	1398	1396
1398	1416	1396
1380	1374	1398
1094	1034	1022
620	580	548
408	464	482
790	828	876
482	526	558
466	452	394
876	894	952
954	912	886
726	766	790
1144	1078	1094
696	650	620
8	12	24
558	588	632
394	392	328
342	412	408
72	60	42
40	66	72
886	852	826
1354	1380	1348
1354	1374	1380
1320	1324	1354
1280	1274	1320
1328	1288	1280
1200	1132	1144
952	964	1012
516	452	466
516	502	452
502	430	452
516	572	502
548	580	516
580	572	516
580	650	572
580	620	650
970	912	954
970	926	912
926	858	912
970	996	926
1022	1034	970
1034	996	970
1034	1078	996
1034	1094	1078
828	894	876
828	848	894
848	928	894
828	778	848
790	766	828
766	778	828
766	708	778
708	732	778
766	726	708
526	588	558
526	568	588
568	642	588
526	500	568
482	464	526
464	500	526
464	412	500
464	408	412
732	806	778
708	642	732
708	658	642
452	392	394
452	430	392
430	362	392
362	320	392
430	404	362
912	852	886
912	858	852
858	794	852
794	826	852
858	808	794
808	742	794
858	878	808
894	964	952
894	928	964
928	998	964
998	1012	964
928	958	998
958	1030	998
928	880	958
362	290	320
430	476	404
320	328	392
320	266	328
320	290	266
404	332	362
1144	1132	1078
1132	1074	1078
1074	996	1078
1132	1134	1074
696	720	650
642	658	588
658	632	588
658	726	632
568	626	642
500	546	568
848	880	928
848	806	880
848	778	806
806	844	880
996	942	926
926	878	858
926	942	878
342	344	412
502	476	430
502	550	476
550	512	476
502	572	550
1134	1072	1074
1132	1186	1134
1324	1374	1354
1274	1324	1320
844	916	880
806	770	844
1280	1238	1274
708	726	658
1200	1186	1132
1200	1240	1186
1240	1234	1186
1234	1172	1186
1240	1284	1234
1284	1264	1234
1264	1208	1234
1284	1326	1264
1172	1134	1186
1172	1124	1134
1124	1072	1134
1124	1068	1072
1172	1174	1124
1068	1020	1072
1124	1130	1068
1174	1130	1124
1174	1180	1130
1180	1122	1130
1174	1228	1180
1172	1208	1174
1208	1228	1174
1208	1264	1228
1172	1234	1208
1020	1032	1072
1068	1002	1020
1130	1066	1068
1122	1066	1130
1122	1062	1066
1062	1004	1066
1122	1128	1062
1180	1178	1122
1228	1236	1180
1004	1002	1066
1062	1000	1004
1128	1030	1062
1122	1178	1128
1178	1182	1128
1182	1126	1128
1178	1238	1182
1238	1230	1182
1230	1176	1182
1238	1280	1230
1032	1074	1072
1032	996	1074
1002	950	1020
1066	1002	1068
1020	966	1032
878	818	808
880	916	958
916	1000	958
1182	1176	1126
1176	1148	1126
742	720	794
1030	1064	998
732	770	806
1126	1030	1128
808	748	742
958	1000	1030
1000	1062	1030
362	332	290
404	376	332
512	442	476
476	442	404
442	376	404
442	422	376
422	348	376
442	492	422
550	596	512
720	688	650
546	626	568
342	278	344
278	286	344
286	346	344
278	220	286
220	238	286
238	294	286
220	176	238
176	188	238
294	346	286
294	360	346
360	414	346
294	300	360
188	250	238
176	134	188
414	396	346
360	426	414
300	364	360
294	250	300
250	244	300
294	238	250
244	312	300
250	188	244
312	364	300
312	348	364
312	276	348
276	306	348
312	244	276
346	396	344
396	412	344
396	500	412
426	480	414
364	426	360
414	460	396
626	690	642
696	754	720
754	794	720
500	460	546
500	396	460
996	1032	942
1180	1236	1178
1228	1276	1236
1230	1226	1176
1226	1148	1176
1238	1236	1274
1236	1276	1274
1002	934	950
770	800	844
1000	916	948
1020	950	966
844	874	916
966	942	1032
966	896	942
896	878	942
966	950	896
818	748	808
596	566	512
426	494	480
748	686	742
480	460	414
1064	1076	998
492	456	422
376	306	332
688	572	650
878	896	818
512	492	442
512	566	492
566	528	492
528	456	492
528	494	456
494	426	456
566	606	528
606	570	528
566	638	606
570	494	528
606	646	570
638	678	606
566	596	638
550	624	596
1030	1126	1064
1228	1264	1276
422	364	348
720	742	688
742	686	688
934	882	950
494	544	480
638	710	678
934	874	882
544	546	480
710	744	678
744	718	678
710	818	744
718	646	678
744	784	718
784	764	718
744	822	784
764	684	718
784	836	764
822	882	784
684	646	718
836	800	764
800	770	764
836	874	800
836	882	874
874	948	916
948	1004	1000
948	934	1004
948	874	934
456	364	422
744	818	822
800	874	844
606	678	646
494	570	544
570	614	544
614	586	544
570	646	614
646	684	614
684	654	614
654	586	614
654	626	586
684	722	654
586	546	544
586	626	546
722	690	654
684	764	722
690	626	654
690	732	642
690	770	732
722	770	690
722	764	770
306	264	332
264	290	332
306	240	264
240	206	264
306	276	240
276	216	240
306	376	348
216	184	240
276	244	216
184	206	240
216	166	184
244	166	216
166	136	184
136	140	184
166	120	136
206	228	264
140	206	184
136	100	140
228	290	264
206	164	228
100	114	140
136	92	100
92	72	100
72	66	100
136	120	92
882	896	950
784	882	836
1002	1004	934
550	572	624
166	158	120
158	94	120
94	92	120
166	244	158
638	686	710
748	710	686
748	818	710
624	686	596
1276	1324	1274
1276	1312	1324
1312	1358	1324
1312	1326	1358
1276	1264	1312
596	686	638
480	546	460
228	214	290
624	688	686
1230	1288	1226
1230	1280	1288
1012	998	1076
266	290	214
1326	1312	1264
1126	1148	1064
826	794	754
1236	1238	1178
572	688	624
818	896	822
228	164	214
1076	1064	1148
364	456	426
670	632	726
134	158	188
134	94	158
158	244	188
164	162	114
162	140	114
164	206	162
162	206	140
92	60	72
92	94	60
896	882	822
114	100	66
1374	1324	1358
40	24	12
1071	1085	1107
407	437	441
441	469	485
1045	1057	1071
1107	1111	1139
373	401	407
339	367	373
485	505	519
1015	1027	1045
1139	1143	1167
303	331	339
519	539	565
989	993	1015
1167	1171	1197
931	901	893
893	861	851
455	445	429
429	421	389
565	583	603
947	963	989
1197	1203	1219
271	297	303
851	833	811
499	489	455
969	941	931
389	381	359
811	783	773
533	515	499
235	263	271
907	925	947
1009	987	969
603	619	641
1219	1223	1249
359	353	323
773	747	731
575	561	533
1047	1017	1009
323	317	289
205	233	235
641	661	677
873	891	907
1249	1245	1271
731	713	693
611	599	575
179	209	205
1271	1267	1297
1087	1061	1047
289	281	259
677	703	717
839	847	873
693	673	653
653	637	611
145	181	179
1297	1295	1315
1119	1091	1087
259	253	225
717	739	759
793	813	839
125	151	145
1315	1311	1335
759	775	793
1159	1121	1119
225	223	191
99	131	125
1335	1333	1353
1191	1157	1159
191	193	169
81	107	99
1353	1347	1371
1085	1111	1107
1085	1097	1111
1071	1057	1085
1057	1029	1085
437	469	441
437	463	469
407	401	437
401	463	437
469	505	485
469	463	505
1045	1027	1057
1027	1029	1057
1111	1143	1139
1111	1097	1143
373	367	401
367	391	401
505	539	519
505	543	539
1015	993	1027
993	1029	1027
339	331	367
331	391	367
1143	1171	1167
1143	1147	1171
1225	1193	1191
169	171	139
539	583	565
539	543	583
989	963	993
963	957	993
303	297	331
297	327	331
1171	1203	1197
1171	1147	1203
861	833	851
861	843	833
893	901	861
901	843	861
445	421	429
445	439	421
455	489	445
489	439	445
931	941	901
941	921	901
421	381	389
421	439	381
583	619	603
583	617	619
947	925	963
925	957	963
59	87	81
1371	1367	1387
1203	1223	1219
1203	1205	1223
271	263	297
263	327	297
833	783	811
833	843	783
499	515	489
515	521	489
969	987	941
987	921	941
381	353	359
381	375	353
783	747	773
783	763	747
533	561	515
561	521	515
907	891	925
891	885	925
619	661	641
619	617	661
353	317	323
353	375	317
1223	1245	1249
1223	1205	1245
235	233	263
233	261	263
1009	1017	987
1017	995	987
747	713	731
747	763	713
575	599	561
599	579	561
1255	1221	1225
139	143	119
1047	1061	1017
1061	995	1017
317	281	289
317	315	281
205	209	233
209	261	233
1245	1267	1271
1245	1247	1267
661	703	677
661	681	703
873	847	891
847	885	891
47	63	59
1387	1377	1395
713	673	693
713	695	673
611	637	599
637	579	599
1087	1091	1061
1091	1059	1061
281	253	259
281	315	253
179	181	209
181	201	209
1267	1295	1297
1267	1247	1295
703	739	717
703	681	739
839	813	847
813	817	847
673	637	653
673	695	637
1295	1311	1315
1295	1287	1311
253	223	225
253	249	223
145	151	181
151	201	181
1119	1121	1091
1121	1059	1091
27	49	47
1395	1393	1409
1291	1253	1255
119	127	97
739	775	759
739	753	775
793	775	813
775	817	813
125	131	151
131	147	151
1311	1333	1335
1311	1287	1333
1159	1157	1121
1157	1115	1121
223	193	191
223	249	193
15	31	27
1409	1407	1415
1317	1283	1291
97	103	79
1333	1347	1353
1333	1323	1347
99	107	131
107	147	131
1191	1193	1157
1193	1115	1157
193	171	169
193	199	171
81	87	107
87	105	107
1347	1367	1371
1347	1323	1367
7	19	15
1415	1413	1423
1225	1221	1193
1221	1185	1193
171	143	139
171	199	143
1341	1309	1317
79	85	57
59	63	87
63	105	87
1367	1377	1387
1367	1351	1377
3	11	7
1423	1421	1427
1255	1253	1221
1253	1185	1221
143	127	119
143	161	127
47	49	63
49	75	63
1377	1393	1395
1377	1351	1393
1369	1339	1341
57	65	45
1	5	3
1427	1425	1428
1291	1283	1253
1283	1261	1253
127	103	97
127	161	103
27	31	49
31	75	49
1393	1407	1409
1393	1383	1407
1389	1363	1369
45	53	29
15	19	31
19	39	31
1407	1413	1415
1407	1383	1413
1317	1309	1283
1309	1261	1283
103	85	79
103	117	85
7	11	19
11	39	19
1413	1421	1423
1413	1403	1421
1405	1385	1389
29	35	17
1341	1339	1309
1339	1319	1309
85	65	57
85	117	65
1029	1097	1085
391	463	401
505	463	543
1143	1097	1147
1421	1425	1427
957	1029	993
3	5	11
327	391	331
921	843	901
583	543	617
1203	1147	1205
521	439	489
381	439	375
1417	1403	1405
17	23	9
783	843	763
1369	1363	1339
1363	1319	1339
65	53	45
65	77	53
885	957	925
995	921	987
261	327	263
579	521	561
317	375	315
1245	1205	1247
661	617	681
713	763	695
1059	995	1061
201	261	209
817	885	847
1389	1385	1363
1385	1357	1363
53	35	29
53	77	35
1295	1247	1287
253	315	249
1425	1421	1417
9	11	5
753	817	775
739	681	753
147	201	151
1115	1059	1121
1333	1287	1323
193	249	199
105	147	107
1185	1115	1193
1405	1403	1385
35	23	17
35	39	23
1367	1323	1351
143	199	161
75	105	63
1261	1185	1253
1393	1351	1383
39	75	31
103	161	117
1403	1417	1421
1413	1383	1403
1319	1261	1309
65	117	77
1357	1319	1363
1385	1403	1357
1029	1037	1097
391	447	463
463	509	543
957	975	1029
1097	1089	1147
543	577	617
921	865	843
521	497	439
23	11	9
843	799	763
327	387	391
439	433	375
885	919	957
579	563	521
1147	1137	1205
995	933	921
617	649	681
375	379	315
763	729	695
261	325	327
1037	1089	1097
1037	1039	1089
1039	1099	1089
1037	973	1039
1029	975	1037
975	973	1037
975	919	973
975	957	919
509	577	543
509	553	577
553	629	577
509	479	553
463	447	509
447	479	509
447	387	479
447	391	387
817	855	885
1089	1137	1147
1089	1099	1137
1099	1153	1137
1153	1199	1137
1099	1101	1153
577	649	617
577	629	649
629	701	649
701	681	649
629	667	701
865	799	843
865	831	799
831	757	799
865	903	831
497	433	439
497	491	433
491	425	433
497	555	491
667	737	701
921	933	865
933	903	865
933	979	903
979	937	903
933	1059	979
937	863	903
979	1011	937
521	563	497
563	555	497
563	613	555
613	609	555
563	579	613
609	537	555
613	675	609
629	591	667
799	729	763
799	757	729
757	683	729
683	695	729
757	675	683
675	613	683
613	645	683
645	695	683
613	579	645
645	637	695
433	379	375
433	425	379
425	357	379
357	311	379
425	411	357
311	315	379
311	249	315
311	275	249
275	199	249
311	357	275
411	341	357
425	475	411
1199	1205	1137
1199	1247	1205
1199	1233	1247
1233	1287	1247
1199	1153	1233
1101	1161	1153
1099	1041	1101
327	325	387
325	371	387
371	479	387
325	305	371
885	855	919
855	871	919
871	973	919
855	803	871
479	511	553
903	863	831
863	789	831
789	757	831
863	835	789
995	1059	933
553	591	629
553	511	591
973	981	1039
491	475	425
491	537	475
537	531	475
491	555	537
1039	1041	1099
1039	981	1041
803	821	871
855	781	803
305	351	371
325	257	305
531	459	475
537	605	531
261	257	325
261	201	257
201	203	257
203	247	257
201	147	203
147	157	203
157	195	203
147	105	157
247	305	257
247	293	305
293	351	305
293	335	351
247	231	293
335	399	351
293	269	335
231	269	293
231	213	269
213	243	269
231	173	213
247	195	231
195	173	231
195	157	173
247	203	195
399	417	351
335	385	399
269	309	335
243	309	269
243	285	309
285	341	309
285	275	341
243	219	285
213	187	243
173	153	213
219	275	285
243	187	219
187	161	219
675	669	609
417	371	351
417	479	371
335	309	385
835	761	789
399	473	417
817	781	855
817	753	781
753	701	781
863	905	835
609	605	537
385	449	399
737	781	701
1011	985	937
341	275	357
1161	1233	1153
591	631	667
475	459	411
459	385	411
1041	1043	1101
667	707	737
979	1049	1011
411	385	341
1101	1103	1161
937	905	863
937	985	905
985	945	905
479	417	511
945	869	905
985	1019	945
973	915	981
153	187	213
803	737	821
821	915	871
173	123	153
781	737	803
531	525	459
605	595	531
669	605	609
449	473	399
707	821	737
915	911	981
473	511	417
473	535	511
535	591	511
473	449	535
631	707	667
1103	1163	1161
761	675	789
1049	1083	1011
869	835	905
869	797	835
797	761	835
797	725	761
869	841	797
725	669	761
797	769	725
841	769	797
841	805	769
869	909	841
805	735	769
841	911	805
769	699	725
909	911	841
909	977	911
977	981	911
909	945	977
977	1041	981
909	869	945
735	699	769
735	665	699
665	595	699
735	707	665
707	631	665
735	821	707
631	593	665
593	595	665
631	535	593
805	821	735
123	77	153
699	657	725
1043	1103	1101
1019	977	945
675	761	669
385	459	449
973	871	915
591	535	631
1011	1053	985
979	1059	1049
173	157	123
1041	977	1043
985	1053	1019
525	449	459
1083	1053	1011
657	669	725
657	605	669
657	595	605
657	699	595
595	525	531
1163	1207	1161
1207	1233	1161
1163	1211	1207
1211	1259	1207
1163	1165	1211
1259	1257	1207
1211	1263	1259
1165	1215	1211
1257	1233	1207
1257	1287	1233
1211	1215	1263
1215	1273	1263
1273	1307	1263
1215	1261	1273
1307	1301	1263
1273	1319	1307
1273	1261	1319
1319	1357	1307
1301	1259	1263
1307	1343	1301
1301	1299	1259
1343	1351	1301
1299	1257	1259
1301	1351	1299
1299	1323	1257
1299	1351	1323
1163	1105	1165
1105	1083	1165
1163	1103	1105
1307	1357	1343
1357	1383	1343
911	821	805
911	915	821
1049	1113	1083
1113	1151	1083
1049	1115	1113
1115	1185	1113
1151	1165	1083
1151	1215	1165
1113	1185	1151
1103	1019	1105
39	11	23
1083	1105	1053
1105	1019	1053
681	701	753
535	525	593
595	593	525
789	675	757
1043	1019	1103
1043	977	1019
105	113	157
113	123	157
113	83	123
105	75	113
83	77	123
113	75	83
1115	1049	1059
579	637	645
275	219	199
153	117	187
1287	1257	1323
1383	1351	1343
309	341	385
199	219	161
83	35	77
1185	1215	1151
1261	1215	1185
161	187	117
525	535	449
75	39	83
1383	1357	1403
117	153	77
35	83	39
1106	1081	1070
1070	1055	1044
484	471	440
440	435	406
1138	1109	1106
1044	1025	1014
518	507	484
406	403	372
1166	1141	1138
1014	991	988
564	541	518
372	369	338
429	451	455
851	867	893
988	961	946
602	585	564
389	419	429
455	487	499
811	825	851
893	899	931
359	383	389
931	939	969
1196	1169	1166
338	337	302
499	523	533
773	787	811
946	923	906
640	623	602
323	355	359
969	983	1009
1218	1195	1196
302	299	270
533	557	575
731	751	773
906	889	872
676	663	640
289	319	323
1009	1007	1047
1248	1217	1218
270	273	234
575	601	611
693	715	731
1270	1243	1248
872	857	838
716	705	676
259	283	289
1047	1051	1087
234	237	204
611	635	653
653	671	693
1296	1269	1270
838	815	792
758	741	716
204	211	178
225	255	259
1087	1093	1119
1314	1293	1296
792	777	758
178	183	144
191	227	225
1119	1117	1159
1334	1305	1314
144	155	124
169	197	191
1159	1155	1191
1352	1331	1334
124	133	98
1055	1025	1044
1055	1023	1025
1070	1081	1055
1081	1023	1055
471	435	440
471	467	435
484	507	471
507	467	471
1106	1109	1081
1109	1095	1081
435	403	406
435	467	403
1025	991	1014
1025	1023	991
518	541	507
541	549	507
1138	1141	1109
1141	1095	1109
403	369	372
403	395	369
991	961	988
991	955	961
564	585	541
585	549	541
1166	1169	1141
1169	1145	1141
369	337	338
369	395	337
451	487	455
451	483	487
867	899	893
867	877	899
961	923	946
961	955	923
429	419	451
419	483	451
851	825	867
825	877	867
602	623	585
623	621	585
389	383	419
383	409	419
899	939	931
899	877	939
487	523	499
487	483	523
811	787	825
787	791	825
1196	1195	1169
1195	1145	1169
1370	1345	1352
98	111	80
337	299	302
337	329	299
359	355	383
355	409	383
939	983	969
939	953	983
139	175	169
1191	1189	1225
523	557	533
523	559	557
773	751	787
751	791	787
923	889	906
923	887	889
640	663	623
663	621	623
1218	1217	1195
1217	1201	1195
299	273	270
299	329	273
323	319	355
319	343	355
983	1007	1009
983	953	1007
557	601	575
557	559	601
731	715	751
715	727	751
889	857	872
889	887	857
676	705	663
705	697	663
1248	1243	1217
1243	1201	1217
273	237	234
273	267	237
289	283	319
283	343	319
1007	1051	1047
1007	1013	1051
1386	1365	1370
80	91	58
693	671	715
671	727	715
601	635	611
601	633	635
857	815	838
857	827	815
119	149	139
1225	1213	1255
716	741	705
741	697	705
1270	1269	1243
1269	1241	1243
237	211	204
237	267	211
259	255	283
255	279	283
1051	1093	1087
1051	1013	1093
635	671	653
635	633	671
815	777	792
815	827	777
1296	1293	1269
1293	1241	1269
758	777	741
777	755	741
211	183	178
211	215	183
1394	1373	1386
58	69	46
225	227	255
227	279	255
1093	1117	1119
1093	1077	1117
1314	1305	1293
1305	1285	1293
183	155	144
183	215	155
97	129	119
1255	1251	1291
191	197	227
197	221	227
1117	1155	1159
1117	1077	1155
1408	1391	1394
46	51	26
1334	1331	1305
1331	1285	1305
155	133	124
155	165	133
169	175	197
175	221	197
1155	1189	1191
1155	1149	1189
79	109	97
1291	1279	1317
1352	1345	1331
1345	1327	1331
1414	1401	1408
26	33	14
133	111	98
133	165	111
1370	1365	1345
1365	1327	1345
111	91	80
111	115	91
139	149	175
149	177	175
1189	1213	1225
1189	1149	1213
57	89	79
1317	1303	1341
1422	1411	1414
14	21	6
1386	1373	1365
1373	1359	1365
91	69	58
91	115	69
119	129	149
129	177	149
1213	1251	1255
1213	1227	1251
1426	1419	1422
6	13	2
1394	1391	1373
1391	1359	1373
69	51	46
69	67	51
45	71	57
1341	1337	1369
97	109	129
109	135	129
1251	1279	1291
1251	1227	1279
1408	1401	1391
1401	1375	1391
51	33	26
51	67	33
1428	1425	1426
2	5	1
29	55	45
1369	1361	1389
79	89	109
89	135	109
1279	1303	1317
1279	1289	1303
1414	1411	1401
1411	1375	1401
33	21	14
33	41	21
1095	1023	1081
549	467	507
403	467	395
991	1023	955
1422	1419	1411
1419	1399	1411
21	13	6
21	41	13
57	71	89
71	95	89
1303	1337	1341
1303	1289	1337
17	37	29
1389	1379	1405
1145	1095	1141
621	549	585
409	483	419
791	877	825
337	395	329
939	877	953
523	483	559
923	955	887
1201	1145	1195
343	409	355
727	791	751
697	621	663
273	329	267
1007	953	1013
601	559	633
1426	1425	1419
13	5	2
857	887	827
45	55	71
55	95	71
1337	1361	1369
1337	1329	1361
1241	1201	1243
9	25	17
1405	1397	1417
279	343	283
755	697	741
777	827	755
211	267	215
1093	1013	1077
1285	1241	1293
29	37	55
37	61	55
1361	1379	1389
1361	1349	1379
221	279	227
155	215	165
1155	1077	1149
1327	1285	1331
5	13	9
177	221	175
1417	1399	1425
111	165	115
1359	1327	1365
1213	1149	1227
69	115	67
135	177	129
1375	1359	1391
1279	1227	1289
33	67	41
1399	1375	1411
1419	1425	1399
95	135	89
1329	1349	1361
1329	1321	1349
1337	1289	1329
1321	1355	1349
1329	1281	1321
61	95	55
37	43	61
1349	1381	1379
549	517	467
1023	971	955
17	25	37
25	43	37
25	41	43
41	73	43
1379	1397	1405
1379	1381	1397
1381	1399	1397
1399	1417	1397
1381	1375	1399
1095	1035	1023
621	581	549
409	465	483
791	829	877
483	527	559
467	453	395
877	895	953
955	913	887
727	767	791
1145	1079	1095
697	651	621
9	13	25
559	589	633
395	393	329
343	413	409
73	61	43
41	67	73
887	853	827
1355	1381	1349
1355	1375	1381
1321	1325	1355
1281	1275	1321
1329	1289	1281
1201	1133	1145
953	965	1013
517	453	467
517	503	453
503	431	453
517	573	503
549	581	517
581	573	517
581	651	573
581	621	651
971	913	955
971	927	913
927	859	913
971	997	927
1023	1035	971
1035	997	971
1035	1079	997
1035	1095	1079
829	895	877
829	849	895
849	929	895
829	779	849
791	767	829
767	779	829
767	709	779
709	733	779
767	727	709
527	589	559
527	569	589
569	643	589
527	501	569
483	465	527
465	501	527
465	413	501
465	409	413
733	807	779
709	643	733
709	659	643
453	393	395
453	431	393
431	363	393
363	321	393
431	405	363
913	853	887
913	859	853
859	795	853
795	827	853
859	809	795
809	743	795
859	879	809
895	965	953
895	929	965
929	999	965
999	1013	965
929	959	999
959	1031	999
929	881	959
363	291	321
431	477	405
321	329	393
321	267	329
321	291	267
405	333	363
1145	1133	1079
1133	1075	1079
1075	997	1079
1133	1135	1075
697	721	651
643	659	589
659	633	589
659	727	633
569	627	643
501	547	569
849	881	929
849	807	881
849	779	807
807	845	881
997	943	927
927	879	859
927	943	879
343	345	413
503	477	431
503	551	477
551	513	477
503	573	551
1135	1073	1075
1133	1187	1135
1325	1375	1355
1275	1325	1321
845	917	881
807	771	845
1281	1239	1275
709	727	659
1201	1187	1133
1201	1241	1187
1241	1235	1187
1235	1173	1187
1241	1285	1235
1285	1265	1235
1265	1209	1235
1285	1327	1265
1173	1135	1187
1173	1125	1135
1125	1073	1135
1125	1069	1073
1173	1175	1125
1069	1021	1073
1125	1131	1069
1175	1131	1125
1175	1181	1131
1181	1123	1131
1175	1229	1181
1173	1209	1175
1209	1229	1175
1209	1265	1229
1173	1235	1209
1021	1033	1073
1069	1003	1021
1131	1067	1069
1123	1067	1131
1123	1063	1067
1063	1005	1067
1123	1129	1063
1181	1179	1123
1229	1237	1181
1005	1003	1067
1063	1001	1005
1129	1031	1063
1123	1179	1129
1179	1183	1129
1183	1127	1129
1179	1239	1183
1239	1231	1183
1231	1177	1183
1239	1281	1231
1033	1075	1073
1033	997	1075
1003	951	1021
1067	1003	1069
1021	967	1033
879	819	809
881	917	959
917	1001	959
1183	1177	1127
1177	1149	1127
743	721	795
1031	1065	999
733	771	807
1127	1031	1129
809	749	743
959	1001	1031
1001	1063	1031
363	333	291
405	377	333
513	443	477
477	443	405
443	377	405
443	423	377
423	349	377
443	493	423
551	597	513
721	689	651
547	627	569
343	279	345
279	287	345
287	347	345
279	221	287
221	239	287
239	295	287
221	177	239
177	189	239
295	347	287
295	361	347
361	415	347
295	301	361
189	251	239
177	135	189
415	397	347
361	427	415
301	365	361
295	251	301
251	245	301
295	239	251
245	313	301
251	189	245
313	365	301
313	349	365
313	277	349
277	307	349
313	245	277
347	397	345
397	413	345
397	501	413
427	481	415
365	427	361
415	461	397
627	691	643
697	755	721
755	795	721
501	461	547
501	397	461
997	1033	943
1181	1237	1179
1229	1277	1237
1231	1227	1177
1227	1149	1177
1239	1237	1275
1237	1277	1275
1003	935	951
771	801	845
1001	917	949
1021	951	967
845	875	917
967	943	1033
967	897	943
897	879	943
967	951	897
819	749	809
597	567	513
427	495	481
749	687	743
481	461	415
1065	1077	999
493	457	423
377	307	333
689	573	651
879	897	819
513	493	443
513	567	493
567	529	493
529	457	493
529	495	457
495	427	457
567	607	529
607	571	529
567	639	607
571	495	529
607	647	571
639	679	607
567	597	639
551	625	597
1031	1127	1065
1229	1265	1277
423	365	349
721	743	689
743	687	689
935	883	951
495	545	481
639	711	679
935	875	883
545	547	481
711	745	679
745	719	679
711	819	745
719	647	679
745	785	719
785	765	719
745	823	785
765	685	719
785	837	765
823	883	785
685	647	719
837	801	765
801	771	765
837	875	801
837	883	875
875	949	917
949	1005	1001
949	935	1005
949	875	935
457	365	423
745	819	823
801	875	845
607	679	647
495	571	545
571	615	545
615	587	545
571	647	615
647	685	615
685	655	615
655	587	615
655	627	587
685	723	655
587	547	545
587	627	547
723	691	655
685	765	723
691	627	655
691	733	643
691	771	733
723	771	691
723	765	771
307	265	333
265	291	333
307	241	265
241	207	265
307	277	241
277	217	241
307	377	349
217	185	241
277	245	217
185	207	241
217	167	185
245	167	217
167	137	185
137	141	185
167	121	137
207	229	265
141	207	185
137	101	141
229	291	265
207	165	229
101	115	141
137	93	101
93	73	101
73	67	101
137	121	93
883	897	951
785	883	837
1003	1005	935
551	573	625
167	159	121
159	95	121
95	93	121
167	245	159
639	687	711
749	711	687
749	819	711
625	687	597
1277	1325	1275
1277	1313	1325
1313	1359	1325
1313	1327	1359
1277	1265	1313
597	687	639
481	547	461
229	215	291
625	689	687
1231	1289	1227
1231	1281	1289
1013	999	1077
267	291	215
1327	1313	1265
1127	1149	1065
827	795	755
1237	1239	1179
573	689	625
819	897	823
229	165	215
1077	1065	1149
365	457	427
671	633	727
135	159	189
135	95	159
159	245	189
165	163	115
163	141	115
165	207	163
163	207	141
93	61	73
93	95	61
897	883	823
115	101	67
1375	1325	1359
41	25	13
