169	151	147
193	170	169
147	134	123
148	152	168
168	171	192
123	107	102
124	130	148
192	198	221
222	195	193
102	86	79
103	109	124
221	217	253
255	216	222
79	69	67
81	89	103
253	247	277
279	245	255
277	273	313
314	272	279
67	51	48
68	75	81
313	309	342
48	38	33
49	53	68
764	695	762
738	643	736
343	307	314
342	329	371
766	680	764
762	692	760
740	661	738
736	660	734
768	694	766
734	636	732
33	26	23
34	40	49
760	676	758
742	665	740
770	684	768
732	644	730
374	328	343
371	362	404
758	697	756
744	651	742
23	17	12
772	698	770
730	633	728
24	27	34
756	667	754
746	668	744
405	364	374
404	396	436
774	683	772
728	646	726
754	678	752
748	653	746
12	8	2
13	19	24
776	681	774
726	628	724
439	397	405
436	426	471
752	658	750
750	654	748
2	4	1
3	9	13
778	679	776
724	634	722
474	427	439
471	460	504
1	5	3
780	696	778
151	134	147
151	137	134
171	198	192
171	181	198
722	623	720
169	170	151
170	137	151
168	152	171
152	135	171
134	107	123
134	137	107
148	130	152
130	135	152
193	195	170
195	179	170
198	217	221
198	181	217
107	86	102
107	95	86
124	109	130
109	135	130
222	216	195
216	179	195
510	461	474
217	247	253
217	219	247
504	496	536
86	69	79
86	95	69
103	89	109
89	91	109
255	245	216
245	218	216
247	273	277
247	219	273
69	51	67
69	62	51
81	75	89
75	91	89
279	272	245
272	218	245
273	309	313
273	284	309
782	677	780
720	621	718
51	38	48
51	62	38
68	53	75
53	63	75
314	307	272
307	281	272
309	329	342
309	284	329
539	493	510
536	526	559
38	26	33
38	30	26
49	40	53
40	63	53
343	328	307
328	281	307
329	362	371
329	326	362
695	692	762
695	592	692
764	680	695
680	592	695
643	660	736
643	595	660
738	661	643
661	576	643
692	676	760
692	592	676
660	636	734
660	595	636
766	694	680
694	591	680
740	665	661
665	576	661
784	693	782
718	617	716
636	644	732
636	570	644
26	17	23
26	30	17
768	684	694
684	591	694
34	27	40
27	35	40
676	697	758
676	608	697
742	651	665
651	576	665
770	698	684
698	596	684
644	633	730
644	570	633
374	364	328
364	325	328
362	396	404
362	326	396
697	667	756
697	608	667
744	668	651
668	582	651
561	529	539
559	548	593
17	8	12
17	15	8
24	19	27
19	35	27
772	683	698
683	596	698
633	646	728
633	585	646
667	678	754
667	588	678
746	653	668
653	582	668
405	397	364
397	325	364
396	426	436
396	385	426
786	669	784
716	625	714
774	681	683
681	599	683
646	628	726
646	585	628
8	4	2
8	15	4
13	9	19
9	22	19
678	658	752
678	588	658
748	654	653
654	579	653
597	552	561
593	580	627
439	427	397
427	386	397
426	460	471
426	385	460
776	679	681
679	599	681
628	634	724
628	564	634
788	691	786
714	613	712
4	5	1
4	14	5
3	5	9
5	22	9
658	654	750
658	579	654
778	696	679
696	586	679
634	623	722
634	564	623
474	461	427
461	386	427
460	496	504
460	475	496
631	598	597
627	620	700
780	677	696
677	586	696
623	621	720
623	563	621
790	659	788
712	622	710
510	493	461
493	473	461
496	526	536
496	475	526
782	693	677
693	581	677
621	617	718
621	563	617
701	702	631
700	798	800
539	529	493
529	473	493
526	548	559
526	524	548
792	652	790
710	610	708
784	669	693
669	581	693
617	625	716
617	558	625
561	552	529
552	530	529
548	580	593
548	524	580
786	691	669
691	574	669
625	613	714
625	558	613
794	649	792
708	607	706
597	598	552
598	530	552
580	620	627
580	590	620
788	659	691
659	574	691
613	622	712
613	550	622
796	640	794
706	605	704
631	702	598
620	798	700
790	652	659
652	572	659
622	610	710
622	550	610
135	181	171
798	620	796
704	598	702
179	137	170
107	137	95
217	181	219
91	135	109
218	179	216
69	95	62
792	649	652
649	572	652
610	607	708
610	547	607
273	219	284
63	91	75
281	218	272
38	62	30
329	284	326
591	592	680
576	595	643
676	592	608
636	595	570
35	63	40
582	576	651
596	591	684
17	30	15
667	608	588
325	281	328
633	570	585
22	35	19
579	582	653
599	596	683
396	326	385
14	22	5
4	15	14
794	640	649
640	569	649
607	605	706
607	546	605
628	585	564
386	325	397
586	599	679
460	385	475
623	564	563
473	386	461
581	586	677
526	475	524
617	563	558
530	473	529
574	581	669
590	796	620
580	524	590
613	558	550
572	574	659
547	546	607
547	501	546
610	550	547
501	530	546
547	515	501
569	572	649
640	590	569
640	796	590
546	530	605
605	598	704
515	446	501
547	550	515
446	444	501
515	456	446
444	530	501
446	387	444
456	392	446
515	550	456
387	386	444
446	392	387
456	407	392
407	349	392
456	476	407
349	338	392
407	359	349
456	550	476
349	292	338
359	302	349
292	291	338
349	302	292
359	319	302
291	340	338
302	251	292
359	381	319
291	325	340
251	240	292
381	348	319
240	291	292
251	206	240
348	286	319
240	244	291
206	204	240
286	265	319
348	315	286
244	325	291
265	302	319
348	376	315
265	251	302
376	350	315
265	213	251
350	289	315
213	206	251
265	230	213
289	260	315
213	166	206
230	184	213
260	286	315
166	163	206
184	166	213
260	230	286
163	204	206
230	265	286
260	208	230
208	184	230
208	161	184
161	140	184
208	186	161
140	166	184
161	119	140
186	141	161
140	132	166
119	106	140
141	119	161
132	163	166
106	132	140
132	128	163
106	99	132
128	165	163
132	99	128
165	204	163
99	95	128
165	218	204
204	244	240
204	218	244
186	167	141
167	127	141
186	215	167
127	105	141
215	207	167
186	232	215
105	119	141
207	162	167
232	267	215
162	127	167
207	199	162
267	258	215
162	122	127
199	158	162
258	207	215
267	308	258
122	98	127
158	122	162
308	294	258
267	322	308
98	105	127
158	121	122
294	242	258
322	363	308
98	74	105
121	92	122
242	207	258
74	83	105
121	97	92
83	119	105
74	54	83
97	65	92
83	106	119
54	76	83
65	66	92
83	76	106
66	98	92
76	99	106
98	122	92
66	74	98
76	62	99
66	44	74
44	54	74
66	42	44
42	14	44
66	65	42
65	46	42
46	22	42
363	352	308
352	294	308
363	412	352
352	345	294
412	399	352
345	290	294
352	399	345
290	242	294
345	337	290
399	389	345
290	237	242
337	288	290
389	337	345
237	199	242
337	341	288
199	207	242
237	194	199
341	293	288
194	158	199
293	239	288
341	351	293
194	160	158
239	237	288
351	301	293
160	121	158
237	290	288
301	249	293
160	125	121
249	239	293
125	97	121
160	164	125
249	202	239
125	101	97
164	138	125
202	194	239
101	73	97
138	101	125
194	237	239
73	65	97
73	46	65
73	55	46
55	35	46
73	84	55
84	63	55
73	101	84
101	118	84
118	108	84
101	138	118
108	63	84
118	142	108
138	159	118
142	135	108
118	159	142
159	182	142
182	174	142
159	203	182
174	135	142
182	214	174
203	228	182
214	219	174
182	228	214
228	264	214
264	259	214
228	278	264
259	219	214
264	304	259
278	317	264
304	326	259
264	317	304
317	356	304
356	326	304
317	372	356
372	416	356
317	334	372
416	385	356
372	433	416
334	398	372
433	477	416
372	398	433
477	457	416
398	463	433
457	385	416
477	521	457
463	503	433
521	524	457
521	590	524
477	542	521
503	477	433
542	569	521
542	572	569
477	503	542
503	572	542
399	451	389
451	447	389
399	458	451
447	388	389
451	505	447
458	512	451
388	337	389
505	506	447
512	505	451
506	449	447
505	551	506
449	388	447
506	514	449
551	592	506
449	395	388
514	455	449
395	341	388
449	455	395
514	523	455
341	337	388
455	406	395
523	470	455
514	591	523
406	351	395
470	406	455
523	534	470
351	341	395
406	358	351
534	487	470
523	596	534
406	421	358
487	421	470
421	378	358
406	470	421
487	443	421
378	318	358
443	378	421
487	516	443
318	301	358
378	339	318
516	469	443
487	544	516
301	351	358
339	280	318
469	403	443
544	586	516
544	599	586
544	534	599
280	263	318
403	378	443
544	487	534
263	301	318
280	227	263
263	249	301
227	211	263
280	254	227
263	211	249
254	203	227
211	202	249
203	177	227
254	228	203
211	164	202
177	211	227
254	278	228
164	160	202
177	164	211
254	305	278
160	194	202
177	138	164
305	334	278
177	159	138
334	317	278
305	366	334
177	203	159
366	398	334
305	339	366
366	429	398
339	403	366
429	463	398
366	403	429
429	500	463
403	469	429
500	532	463
429	469	500
500	574	532
574	572	532
469	537	500
537	574	500
469	516	537
516	586	537
506	592	514
254	280	305
280	339	305
128	137	165
267	289	322
289	350	322
267	232	289
350	382	322
232	260	289
382	363	322
232	208	260
382	425	363
232	186	208
425	412	363
382	448	425
425	472	412
448	488	425
382	411	448
472	458	412
488	472	425
411	478	448
382	350	411
458	399	412
478	518	448
411	441	478
350	376	411
518	488	448
441	511	478
411	376	441
511	570	478
441	480	511
376	410	441
480	564	511
441	410	480
376	348	410
410	450	480
348	381	410
450	520	480
410	381	450
520	564	480
381	423	450
423	491	450
381	359	423
491	520	450
423	476	491
359	407	423
476	558	491
423	407	476
488	531	472
531	522	472
488	576	531
522	458	472
531	582	522
522	512	458
522	579	512
478	570	518
463	532	503
532	572	503
340	387	338
378	403	339
491	563	520
563	564	520
54	47	76
47	62	76
54	31	47
31	30	47
30	62	47
54	44	31
44	14	31
518	576	488
512	588	505
338	387	392
505	588	551
340	386	387
137	128	95
91	108	135
95	99	62
135	174	181
179	165	137
179	218	165
63	108	91
55	63	35
588	608	551
608	592	551
181	174	219
576	518	595
591	514	592
582	531	576
219	259	284
259	326	284
30	31	15
31	14	15
595	518	570
590	521	569
281	244	218
596	523	591
22	46	35
579	522	582
570	511	585
325	244	281
599	534	596
326	356	385
585	511	564
14	42	22
386	340	325
385	457	475
457	524	475
473	444	386
473	530	444
581	537	586
581	574	537
588	579	658
563	491	558
558	476	550
598	605	530
579	588	512
169	173	193
221	200	192
192	175	168
147	150	169
193	196	222
253	225	221
123	133	147
277	257	253
168	154	148
222	223	255
148	131	124
102	110	123
313	276	277
79	87	102
255	256	279
342	310	313
124	111	103
279	275	314
103	88	81
67	71	79
371	331	342
81	72	68
48	50	67
314	312	343
404	368	371
68	52	49
33	39	48
343	336	374
735	648	737
737	647	739
763	685	765
765	672	767
733	632	735
739	637	741
761	687	763
767	699	769
436	401	404
374	369	405
731	638	733
769	671	771
49	41	34
23	28	33
741	662	743
759	664	761
729	629	731
771	689	773
471	431	436
405	402	439
743	639	745
757	688	759
34	29	24
12	18	23
727	635	729
773	675	775
725	624	727
745	657	747
755	656	757
775	690	777
504	462	471
439	430	474
24	20	13
2	10	12
747	642	749
753	650	755
723	630	725
777	674	779
536	492	504
474	465	510
1	6	2
13	11	3
749	641	751
751	614	753
721	619	723
779	673	781
173	196	193
173	180	196
169	150	173
150	136	173
200	175	192
200	176	175
221	225	200
225	176	200
147	133	150
133	136	150
175	154	168
175	176	154
196	223	222
196	180	223
253	257	225
257	233	225
123	110	133
110	136	133
154	131	148
154	129	131
277	276	257
276	233	257
223	256	255
223	231	256
3	7	1
131	111	124
131	129	111
102	87	110
87	93	110
510	497	539
559	528	536
313	310	276
310	285	276
256	275	279
256	231	275
719	618	721
781	670	783
79	71	87
71	93	87
111	88	103
111	94	88
342	331	310
331	285	310
275	312	314
275	287	312
88	72	81
88	94	72
67	50	71
50	56	71
371	368	331
368	333	331
312	336	343
312	287	336
717	616	719
72	52	68
72	60	52
783	666	785
48	39	50
39	56	50
593	549	559
539	533	561
404	401	368
401	333	368
336	369	374
336	347	369
52	41	49
52	60	41
33	28	39
28	37	39
648	647	737
648	584	647
735	632	648
632	584	648
672	699	767
672	603	699
765	685	672
685	589	672
647	637	739
647	584	637
763	687	685
687	589	685
733	638	632
638	565	632
699	671	769
699	603	671
637	662	741
637	594	662
761	664	687
664	589	687
436	431	401
431	413	401
369	402	405
369	347	402
715	615	717
785	663	787
731	629	638
629	565	638
671	689	771
671	577	689
41	29	34
41	36	29
662	639	743
662	594	639
23	18	28
18	37	28
759	688	664
688	602	664
561	557	597
627	587	593
729	635	629
635	562	629
689	675	773
689	577	675
639	657	745
639	567	657
757	656	688
656	602	688
471	462	431
462	413	431
402	430	439
402	408	430
727	624	635
624	562	635
675	690	775
675	575	690
29	20	24
29	36	20
12	10	18
10	25	18
657	642	747
657	567	642
755	650	656
650	573	656
713	612	715
787	686	789
725	630	624
630	560	624
690	674	777
690	575	674
597	600	631
504	492	462
492	459	462
430	465	474
430	408	465
700	626	627
20	11	13
20	21	11
2	6	10
6	25	10
642	641	749
642	568	641
753	614	650
614	573	650
723	619	630
619	560	630
674	673	779
674	583	673
711	611	713
465	497	510
465	464	497
789	655	791
536	528	492
528	459	492
1	7	6
7	16	6
11	7	3
11	21	7
641	614	751
641	568	614
721	618	619
618	556	619
673	670	781
673	583	670
800	799	700
631	703	701
497	533	539
497	464	533
559	549	528
549	543	528
719	616	618
616	556	618
670	666	783
670	578	666
709	609	711
791	682	793
717	615	616
615	554	616
666	663	785
666	578	663
593	587	549
587	543	549
533	557	561
533	541	557
707	606	709
793	645	795
715	612	615
612	554	615
663	686	787
663	571	686
557	600	597
557	541	600
627	626	587
626	601	587
713	611	612
611	553	612
686	655	789
686	571	655
705	604	707
795	601	797
600	703	631
700	799	626
711	609	611
609	553	611
655	682	791
655	566	682
703	600	705
797	626	799
709	606	609
606	545	609
682	645	793
682	566	645
136	180	173
233	176	225
154	176	129
223	180	231
93	136	110
285	233	276
111	129	94
275	231	287
56	93	71
707	604	606
604	545	606
645	601	795
333	285	331
72	94	60
336	287	347
37	56	39
589	603	672
565	584	632
637	584	594
413	333	401
671	603	577
41	60	36
602	589	664
562	565	629
639	594	567
25	37	18
675	577	575
573	602	656
705	600	604
402	347	408
20	36	21
560	562	624
642	567	568
459	413	462
674	575	583
16	25	6
7	21	16
465	408	464
556	560	619
543	459	528
670	583	578
554	556	616
533	464	541
663	578	571
601	543	587
626	797	601
553	554	612
655	571	566
545	553	609
136	155	180
176	157	129
93	117	136
157	116	129
176	201	157
117	155	136
117	145	155
145	187	155
117	112	145
187	197	155
145	185	187
112	144	145
117	80	112
197	180	155
197	231	180
197	243	231
243	287	231
197	224	243
243	298	287
298	347	287
243	270	298
298	355	347
355	408	347
298	324	355
224	270	243
224	261	270
261	316	270
224	187	261
197	187	224
187	185	261
270	324	298
270	316	324
316	373	324
373	383	324
316	361	373
383	355	324
383	417	355
417	408	355
417	464	408
383	452	417
417	452	464
383	424	452
373	424	383
373	420	424
420	486	424
373	361	420
486	490	424
420	483	486
361	419	420
419	483	420
361	353	419
419	482	483
316	303	361
353	415	419
361	303	353
303	297	353
297	354	353
303	248	297
482	556	483
419	415	482
261	303	316
261	248	303
261	185	248
297	299	354
354	415	353
354	418	415
418	479	415
354	357	418
248	241	297
424	490	452
490	545	452
486	553	490
479	482	415
357	422	418
483	554	486
418	485	479
354	299	357
299	306	357
306	370	357
299	252	306
370	422	357
370	437	422
437	489	422
370	384	437
306	320	370
252	262	306
299	241	252
489	485	422
489	562	485
437	508	489
384	453	437
370	320	384
320	344	384
344	409	384
320	274	344
409	453	384
409	481	453
481	525	453
409	432	481
344	367	409
320	262	274
262	220	274
481	567	525
409	367	432
367	394	432
394	466	432
367	327	394
274	300	344
525	508	453
525	584	508
432	507	481
144	185	145
418	422	485
367	300	327
300	266	327
248	185	241
262	209	220
80	78	112
297	241	299
220	238	274
394	428	466
117	93	80
93	56	80
56	57	80
57	78	80
57	61	78
56	37	57
61	96	78
57	37	61
37	25	61
96	115	78
61	77	96
115	112	78
115	144	112
115	153	144
153	189	144
115	96	153
189	185	144
153	209	189
77	113	96
61	45	77
113	153	96
77	100	113
45	64	77
61	25	45
466	507	432
466	535	507
535	568	507
466	502	535
502	573	535
466	428	502
428	468	502
468	540	502
428	400	468
540	573	502
468	517	540
400	442	468
428	360	400
485	560	479
327	360	394
360	428	394
327	296	360
344	300	367
296	332	360
252	209	262
266	296	327
266	235	296
235	268	296
266	210	235
268	332	296
268	311	332
235	212	268
210	178	235
311	375	332
268	246	311
306	262	320
437	453	508
507	567	481
274	238	300
238	266	300
238	210	266
508	565	489
116	94	129
116	82	94
82	60	94
82	58	60
116	114	82
58	36	60
58	43	36
82	85	58
43	21	36
43	32	21
58	70	43
32	16	21
43	59	32
32	45	16
70	59	43
70	90	59
90	64	59
70	104	90
58	85	70
85	104	70
85	114	104
85	82	114
59	64	32
104	126	90
116	146	114
126	120	90
104	143	126
146	149	114
116	157	146
157	190	146
190	183	146
157	201	190
201	234	190
234	226	190
201	250	234
183	149	146
183	191	149
191	143	149
183	229	191
143	104	149
190	226	183
226	229	183
226	271	229
271	282	229
226	269	271
282	236	229
271	330	282
269	321	271
226	234	269
234	283	269
283	323	269
234	250	283
250	285	283
323	321	269
323	377	321
377	380	321
323	379	377
283	335	323
380	330	321
380	390	330
390	346	330
380	445	390
377	438	380
379	434	377
323	335	379
335	391	379
391	440	379
335	333	391
440	434	379
440	495	434
495	494	434
440	499	495
391	459	440
494	438	434
494	509	438
495	566	494
499	566	495
440	459	499
229	236	191
236	205	191
205	143	191
236	246	205
201	233	250
233	285	250
285	333	283
201	176	233
509	445	438
445	380	438
509	519	445
519	454	445
509	578	519
494	571	509
346	282	330
390	414	346
445	454	390
454	414	390
454	484	414
484	435	414
454	527	484
435	365	414
484	513	435
527	575	484
454	519	527
519	583	527
583	575	527
283	333	335
321	330	271
377	434	438
282	295	236
365	346	414
435	393	365
513	467	435
484	575	513
120	64	90
149	104	114
467	393	435
143	172	126
282	346	295
126	178	120
393	311	365
513	538	467
295	246	236
100	139	113
360	332	400
332	375	400
375	442	400
375	393	442
375	311	393
268	212	246
212	172	246
139	156	113
100	120	139
139	188	156
188	220	156
139	210	188
210	238	188
238	220	188
209	156	220
517	589	540
210	139	178
64	100	77
235	178	212
172	178	126
442	517	468
538	517	467
143	205	172
205	246	172
156	153	113
45	32	64
513	577	538
246	295	311
241	189	252
178	172	212
467	442	393
64	120	100
442	467	517
479	560	482
252	189	209
365	295	346
584	525	594
525	567	594
589	538	603
538	577	603
602	540	589
602	573	540
565	508	584
562	489	565
567	507	568
413	391	333
413	459	391
577	513	575
241	185	189
535	614	568
560	485	562
16	45	25
486	554	553
365	311	295
553	545	490
556	482	560
483	556	554
519	578	583
573	614	535
517	538	589
543	499	459
543	555	499
555	566	499
543	601	555
601	645	555
645	566	555
509	571	578
464	498	541
498	545	541
464	452	498
498	452	545
494	566	571
541	604	600
541	545	604
153	156	209
178	139	120
1314	1332	1334
1283	1312	1314
1334	1354	1360
1370	1369	1353
1353	1350	1325
1360	1377	1381
1393	1389	1370
1325	1324	1299
1254	1281	1283
1381	1397	1402
1414	1410	1393
1299	1305	1272
1225	1262	1254
1402	1418	1420
1431	1425	1414
1272	1276	1247
1195	1227	1225
1247	1250	1214
1164	1203	1195
1420	1433	1442
1447	1443	1431
1214	1219	1183
1442	1450	1456
1465	1458	1447
765	841	763
739	819	737
1136	1168	1164
1183	1196	1158
767	861	765
763	839	761
741	806	739
737	803	735
769	852	767
735	822	733
1456	1466	1469
1477	1471	1465
761	851	759
743	808	741
771	866	769
733	805	731
1100	1147	1136
1158	1162	1123
759	820	757
745	827	743
1469	1476	1479
773	860	771
731	817	729
1488	1481	1477
757	848	755
747	816	745
1067	1110	1100
1123	1132	1095
775	871	773
729	802	727
755	831	753
749	836	747
1479	1487	1491
1495	1490	1488
777	874	775
727	818	725
1035	1081	1067
1095	1099	1057
753	845	751
751	842	749
1491	1493	1499
1500	1496	1495
779	877	777
725	804	723
996	1043	1035
1057	1071	1025
1499	1498	1500
781	870	779
1332	1354	1334
1332	1348	1354
1350	1324	1325
1350	1337	1324
723	821	721
1314	1312	1332
1312	1348	1332
1353	1369	1350
1369	1386	1350
1354	1377	1360
1354	1348	1377
1370	1389	1369
1389	1386	1369
1283	1281	1312
1281	1296	1312
1324	1305	1299
1324	1337	1305
1377	1397	1381
1377	1392	1397
1393	1410	1389
1410	1386	1389
1254	1262	1281
1262	1296	1281
966	1015	996
1305	1276	1272
1305	1303	1276
1025	1032	988
1397	1418	1402
1397	1392	1418
1414	1425	1410
1425	1423	1410
1225	1227	1262
1227	1261	1262
1276	1250	1247
1276	1303	1250
1418	1433	1420
1418	1428	1433
1431	1443	1425
1443	1423	1425
1195	1203	1227
1203	1261	1227
1250	1219	1214
1250	1243	1219
783	883	781
721	823	719
1433	1450	1442
1433	1428	1450
1447	1458	1443
1458	1449	1443
1164	1168	1203
1168	1194	1203
1219	1196	1183
1219	1243	1196
947	974	966
988	1001	958
1450	1466	1456
1450	1462	1466
1465	1471	1458
1471	1449	1458
1136	1147	1168
1147	1194	1168
1196	1162	1158
1196	1200	1162
841	839	763
841	919	839
765	861	841
861	919	841
819	803	737
819	897	803
739	806	819
806	907	819
839	851	761
839	919	851
803	822	735
803	897	822
767	852	861
852	928	861
741	808	806
808	907	806
785	875	783
719	829	717
822	805	733
822	909	805
1466	1476	1469
1466	1462	1476
769	866	852
866	928	852
1477	1481	1471
1481	1474	1471
851	820	759
851	899	820
743	827	808
827	907	808
771	860	866
860	930	866
805	817	731
805	909	817
1100	1110	1147
1110	1151	1147
1162	1132	1123
1162	1200	1132
820	848	757
820	899	848
745	816	827
816	908	827
906	957	947
958	968	941
1476	1487	1479
1476	1478	1487
1488	1490	1481
1490	1474	1481
773	871	860
871	930	860
817	802	729
817	898	802
848	831	755
848	914	831
747	836	816
836	908	816
1067	1081	1110
1081	1151	1110
1132	1099	1095
1132	1141	1099
787	888	785
717	807	715
775	874	871
874	929	871
802	818	727
802	898	818
1487	1493	1491
1487	1478	1493
1495	1496	1490
1496	1484	1490
831	845	753
831	914	845
749	842	836
842	915	836
879	916	906
941	949	902
1035	1043	1081
1043	1085	1081
1099	1071	1057
1099	1141	1071
777	877	874
877	929	874
818	804	725
818	912	804
789	880	787
715	837	713
1493	1498	1499
1493	1485	1498
1500	1498	1496
1498	1484	1496
845	842	751
845	915	842
779	870	877
870	938	877
804	821	723
804	912	821
996	1015	1043
1015	1085	1043
1071	1032	1025
1071	1054	1032
801	878	879
902	905	868
781	883	870
883	938	870
821	823	721
821	911	823
791	891	789
713	814	711
966	974	1015
974	997	1015
1032	1001	988
1032	1054	1001
783	875	883
875	942	883
823	829	719
823	911	829
701	703	801
868	799	800
947	957	974
957	997	974
1001	968	958
1001	1007	968
793	893	791
711	849	709
785	888	875
888	942	875
829	807	717
829	918	807
906	916	957
916	954	957
968	949	941
968	1007	949
787	880	888
880	946	888
807	837	715
807	918	837
795	894	793
709	855	707
879	878	916
878	954	916
949	905	902
949	943	905
789	891	880
891	946	880
837	814	713
837	927	814
797	896	795
707	863	705
801	703	878
905	799	868
791	893	891
893	950	891
814	849	711
814	927	849
1386	1337	1350
799	905	797
705	878	703
1296	1348	1312
1377	1348	1392
1305	1337	1303
1423	1386	1410
1261	1296	1262
1418	1392	1428
793	894	893
894	950	893
849	855	709
849	933	855
1250	1303	1243
1449	1423	1443
1194	1261	1203
1450	1428	1462
1196	1243	1200
928	919	861
907	897	819
851	919	899
822	897	909
1474	1449	1471
908	907	827
930	928	866
1476	1462	1478
848	899	914
1151	1194	1147
817	909	898
1484	1474	1490
915	908	836
929	930	871
1132	1200	1141
1485	1484	1498
1493	1478	1485
795	896	894
896	953	894
855	863	707
855	934	863
818	898	912
1085	1151	1081
938	929	877
1071	1141	1054
821	912	911
997	1085	1015
942	938	883
1001	1054	1007
829	911	918
954	997	957
946	942	888
943	797	905
949	1007	943
837	918	927
950	946	891
933	934	855
933	970	934
849	927	933
970	954	934
933	965	970
953	950	894
896	943	953
896	797	943
934	954	863
863	878	705
965	1027	970
933	927	965
1027	1029	970
965	1020	1027
1029	954	970
1027	1086	1029
1020	1084	1027
965	927	1020
1086	1085	1029
1027	1084	1086
1020	1075	1084
1075	1134	1084
1020	1006	1075
1134	1140	1084
1075	1120	1134
1020	927	1006
1134	1187	1140
1120	1179	1134
1187	1188	1140
1134	1179	1187
1120	1161	1179
1188	1138	1140
1179	1231	1187
1120	1098	1161
1188	1151	1138
1231	1237	1187
1098	1143	1161
1237	1188	1187
1231	1279	1237
1143	1204	1161
1237	1228	1188
1279	1277	1237
1204	1221	1161
1143	1176	1204
1228	1151	1188
1221	1179	1161
1143	1112	1176
1221	1231	1179
1112	1146	1176
1221	1270	1231
1146	1206	1176
1270	1279	1231
1221	1255	1270
1206	1232	1176
1270	1318	1279
1255	1307	1270
1232	1204	1176
1318	1320	1279
1307	1318	1270
1232	1255	1204
1320	1277	1279
1255	1221	1204
1232	1284	1255
1284	1307	1255
1284	1329	1307
1329	1351	1307
1284	1313	1329
1351	1318	1307
1329	1372	1351
1313	1356	1329
1351	1358	1318
1372	1385	1351
1356	1372	1329
1358	1320	1318
1385	1358	1351
1358	1357	1320
1385	1390	1358
1357	1316	1320
1358	1390	1357
1316	1277	1320
1390	1392	1357
1316	1261	1277
1277	1228	1237
1277	1261	1228
1313	1326	1356
1326	1366	1356
1313	1278	1326
1366	1391	1356
1278	1294	1326
1313	1260	1278
1391	1372	1356
1294	1338	1326
1260	1226	1278
1338	1366	1326
1294	1304	1338
1226	1245	1278
1338	1379	1366
1304	1347	1338
1245	1294	1278
1226	1190	1245
1379	1404	1366
1347	1379	1338
1190	1207	1245
1226	1170	1190
1404	1391	1366
1347	1382	1379
1207	1256	1245
1170	1131	1190
1404	1424	1391
1382	1412	1379
1256	1294	1245
1424	1408	1391
1382	1413	1412
1408	1372	1391
1424	1440	1408
1413	1441	1412
1408	1385	1372
1440	1417	1408
1441	1436	1412
1408	1417	1385
1436	1404	1412
1417	1390	1385
1404	1379	1412
1436	1424	1404
1417	1428	1390
1436	1453	1424
1453	1440	1424
1436	1460	1453
1460	1485	1453
1436	1441	1460
1441	1461	1460
1461	1484	1460
1131	1150	1190
1150	1207	1190
1131	1090	1150
1150	1159	1207
1090	1101	1150
1159	1213	1207
1150	1101	1159
1213	1256	1207
1159	1167	1213
1101	1111	1159
1213	1265	1256
1167	1220	1213
1111	1167	1159
1265	1304	1256
1167	1169	1220
1304	1294	1256
1265	1311	1304
1169	1216	1220
1311	1347	1304
1216	1266	1220
1169	1163	1216
1311	1349	1347
1266	1265	1220
1163	1211	1216
1349	1382	1347
1265	1213	1220
1211	1264	1216
1349	1380	1382
1264	1266	1216
1380	1413	1382
1349	1344	1380
1264	1309	1266
1380	1406	1413
1344	1371	1380
1309	1311	1266
1406	1438	1413
1371	1406	1380
1311	1265	1266
1438	1441	1413
1438	1461	1441
1438	1454	1461
1454	1474	1461
1438	1427	1454
1427	1449	1454
1438	1406	1427
1406	1394	1427
1394	1407	1427
1406	1371	1394
1407	1449	1427
1394	1373	1407
1371	1359	1394
1373	1386	1407
1394	1359	1373
1359	1335	1373
1335	1346	1373
1359	1317	1335
1346	1386	1373
1335	1306	1346
1317	1290	1335
1306	1303	1346
1335	1290	1306
1290	1259	1306
1259	1269	1306
1290	1241	1259
1269	1303	1306
1259	1222	1269
1241	1210	1259
1222	1200	1269
1259	1210	1222
1210	1171	1222
1171	1200	1222
1210	1154	1171
1154	1113	1171
1210	1182	1154
1113	1141	1171
1154	1093	1113
1182	1124	1154
1093	1049	1113
1154	1124	1093
1049	1074	1113
1124	1059	1093
1074	1141	1113
1049	1016	1074
1059	1024	1093
1016	1007	1074
1016	943	1007
1049	984	1016
1024	1049	1093
984	953	1016
984	950	953
1049	1024	984
1024	950	984
1101	1050	1111
1050	1056	1111
1101	1041	1050
1056	1115	1111
1050	998	1056
1041	989	1050
1115	1167	1111
998	1005	1056
989	998	1050
1005	1058	1056
998	955	1005
1058	1115	1056
1005	1000	1058
955	919	1005
1058	1114	1115
1000	1053	1058
1114	1169	1115
1058	1053	1114
1000	991	1053
1169	1167	1115
1053	1106	1114
991	1044	1053
1000	928	991
1106	1163	1114
1044	1106	1053
991	978	1044
1163	1169	1114
1106	1156	1163
978	1030	1044
991	930	978
1106	1096	1156
1030	1096	1044
1096	1142	1156
1106	1044	1096
1030	1080	1096
1142	1199	1156
1080	1142	1096
1030	1014	1080
1199	1211	1156
1142	1180	1199
1014	1048	1080
1030	962	1014
1211	1163	1156
1180	1236	1199
1048	1119	1080
962	938	1014
962	929	938
962	978	929
1236	1252	1199
1119	1142	1080
962	1030	978
1252	1211	1199
1236	1287	1252
1252	1264	1211
1287	1300	1252
1236	1267	1287
1252	1300	1264
1267	1317	1287
1300	1309	1264
1317	1330	1287
1267	1290	1317
1300	1344	1309
1330	1300	1287
1267	1241	1290
1344	1349	1309
1330	1344	1300
1267	1212	1241
1349	1311	1309
1330	1371	1344
1212	1182	1241
1330	1359	1371
1182	1210	1241
1212	1157	1182
1330	1317	1359
1157	1124	1182
1212	1180	1157
1157	1094	1124
1180	1119	1157
1094	1059	1124
1157	1119	1094
1094	1021	1059
1119	1048	1094
1021	987	1059
1094	1048	1021
1021	946	987
946	950	987
1048	980	1021
980	946	1021
1048	1014	980
1014	938	980
1005	919	1000
1267	1236	1212
1236	1180	1212
1357	1348	1316
1226	1206	1170
1206	1146	1170
1226	1260	1206
1146	1109	1170
1260	1232	1206
1109	1131	1170
1260	1284	1232
1109	1069	1131
1260	1313	1284
1069	1090	1131
1109	1042	1069
1069	1023	1090
1042	1004	1069
1109	1083	1042
1023	1041	1090
1004	1023	1069
1083	1017	1042
1109	1146	1083
1041	1101	1090
1017	975	1042
1083	1045	1017
1146	1112	1083
975	1004	1042
1045	976	1017
1083	1112	1045
976	909	1017
1045	1009	976
1112	1078	1045
1009	912	976
1045	1078	1009
1112	1143	1078
1078	1033	1009
1143	1098	1078
1033	961	1009
1078	1098	1033
961	912	1009
1098	1052	1033
1052	983	1033
1098	1120	1052
983	961	1033
1052	1006	983
1120	1075	1052
1006	918	983
1052	1075	1006
1004	960	1023
960	977	1023
1004	907	960
977	1041	1023
960	908	977
977	989	1041
977	915	989
1017	909	975
1059	987	1024
987	950	1024
1138	1086	1140
1142	1119	1180
983	911	961
911	912	961
1440	1444	1417
1444	1428	1417
1440	1463	1444
1463	1462	1444
1462	1428	1444
1440	1453	1463
1453	1485	1463
975	907	1004
989	914	998
1140	1086	1084
998	914	955
1138	1085	1086
1348	1357	1392
1423	1407	1386
1392	1390	1428
1386	1346	1337
1296	1316	1348
1296	1261	1316
1449	1407	1423
1454	1449	1474
914	899	955
899	919	955
1337	1346	1303
907	975	897
928	1000	919
908	960	907
1303	1269	1243
1269	1200	1243
1462	1463	1478
1463	1485	1478
897	975	909
943	1016	953
1194	1228	1261
930	991	928
1484	1461	1474
915	977	908
909	976	898
1151	1228	1194
929	978	930
1200	1171	1141
898	976	912
1485	1460	1484
1085	1138	1151
1141	1074	1054
1074	1007	1054
997	1029	1085
997	954	1029
942	980	938
942	946	980
914	915	845
911	983	918
918	1006	927
878	863	954
915	914	989
1314	1308	1283
1299	1323	1325
1325	1345	1353
1334	1333	1314
1283	1280	1254
1272	1298	1299
1360	1355	1334
1247	1271	1272
1353	1367	1370
1254	1253	1225
1370	1387	1393
1381	1375	1360
1214	1249	1247
1402	1396	1381
1225	1224	1195
1183	1217	1214
1393	1409	1414
1195	1198	1164
1414	1426	1431
1420	1416	1402
1158	1193	1183
1431	1445	1447
1442	1434	1420
1164	1166	1136
1123	1160	1158
1447	1459	1465
1456	1448	1442
1136	1139	1100
734	813	736
736	815	738
762	854	764
764	867	766
732	826	734
738	834	740
760	844	762
766	847	768
1095	1127	1123
1100	1102	1067
730	812	732
768	872	770
1465	1470	1477
1469	1464	1456
740	809	742
758	862	760
728	824	730
770	865	772
1057	1097	1095
1067	1076	1035
742	840	744
756	832	758
1477	1480	1488
1479	1475	1469
726	811	728
772	876	774
724	825	726
744	828	746
754	859	756
774	869	776
1025	1065	1057
1035	1040	996
1488	1489	1495
1491	1483	1479
746	850	748
752	858	754
722	810	724
776	881	778
988	1034	1025
996	1010	966
1499	1492	1491
1495	1494	1500
748	856	750
750	890	752
720	830	722
778	884	780
1308	1280	1283
1308	1297	1280
1314	1333	1308
1333	1352	1308
1323	1345	1325
1323	1342	1345
1299	1298	1323
1298	1342	1323
1334	1355	1333
1355	1352	1333
1345	1367	1353
1345	1342	1367
1280	1253	1254
1280	1297	1253
1272	1271	1298
1271	1289	1298
1360	1375	1355
1375	1352	1355
1367	1387	1370
1367	1388	1387
1247	1249	1271
1249	1289	1271
1253	1224	1225
1253	1248	1224
1500	1497	1499
1387	1409	1393
1387	1388	1409
1381	1396	1375
1396	1395	1375
966	971	947
958	995	988
1214	1217	1249
1217	1240	1249
1224	1198	1195
1224	1248	1198
718	833	720
780	885	782
1402	1416	1396
1416	1395	1396
1409	1426	1414
1409	1422	1426
1183	1193	1217
1193	1240	1217
1198	1166	1164
1198	1191	1166
1426	1445	1431
1426	1422	1445
1420	1434	1416
1434	1430	1416
1158	1160	1193
1160	1192	1193
1166	1139	1136
1166	1191	1139
716	835	718
1445	1459	1447
1445	1455	1459
782	887	784
1442	1448	1434
1448	1430	1434
941	963	958
947	952	906
1123	1127	1160
1127	1192	1160
1139	1102	1100
1139	1129	1102
1459	1470	1465
1459	1455	1470
1456	1464	1448
1464	1457	1448
813	815	736
813	901	815
734	826	813
826	901	813
867	847	766
867	910	847
764	854	867
854	926	867
815	834	738
815	901	834
762	844	854
844	926	854
732	812	826
812	917	826
847	872	768
847	910	872
834	809	740
834	900	809
760	862	844
862	926	844
1095	1097	1127
1097	1118	1127
1102	1076	1067
1102	1129	1076
714	838	716
784	889	786
730	824	812
824	917	812
872	865	770
872	937	865
1470	1480	1477
1470	1473	1480
809	840	742
809	900	840
1469	1475	1464
1475	1457	1464
758	832	862
832	904	862
906	913	879
902	945	941
728	811	824
811	920	824
865	876	772
865	937	876
840	828	744
840	922	828
756	859	832
859	904	832
1057	1065	1097
1065	1118	1097
1076	1040	1035
1076	1066	1040
726	825	811
825	920	811
876	869	774
876	940	869
1480	1489	1488
1480	1473	1489
1479	1483	1475
1483	1472	1475
828	850	746
828	922	850
754	858	859
858	932	859
712	843	714
786	882	788
724	810	825
810	923	825
869	881	776
869	940	881
879	873	801
1025	1034	1065
1034	1068	1065
1040	1010	996
1040	1066	1010
868	903	902
1489	1494	1495
1489	1486	1494
1491	1492	1483
1492	1472	1483
850	856	748
850	931	856
752	890	858
890	932	858
722	830	810
830	923	810
881	884	778
881	939	884
710	846	712
1010	971	966
1010	1012	971
788	892	790
988	995	1034
995	1068	1034
1499	1497	1492
1497	1482	1492
1494	1497	1500
1494	1486	1497
856	890	750
856	931	890
720	833	830
833	925	830
884	885	780
884	939	885
800	798	868
801	702	701
971	952	947
971	1012	952
958	963	995
963	982	995
718	835	833
835	925	833
885	887	782
885	944	887
708	853	710
790	886	792
716	838	835
838	924	835
887	889	784
887	944	889
941	945	963
945	982	963
952	913	906
952	948	913
706	857	708
792	895	794
714	843	838
843	924	838
889	882	786
889	951	882
913	873	879
913	948	873
902	903	945
903	936	945
712	846	843
846	921	843
882	892	788
882	951	892
704	864	706
794	936	796
873	702	801
868	798	903
710	853	846
853	921	846
892	886	790
892	956	886
702	873	704
796	903	798
708	857	853
857	935	853
886	895	792
886	956	895
1352	1297	1308
1289	1342	1298
1367	1342	1388
1253	1297	1248
1395	1352	1375
1240	1289	1249
1409	1388	1422
1198	1248	1191
1430	1395	1416
706	864	857
864	935	857
895	936	794
1192	1240	1193
1445	1422	1455
1139	1191	1129
1457	1430	1448
926	910	867
917	901	826
834	901	900
1118	1192	1127
872	910	937
1470	1455	1473
904	926	862
920	917	824
840	900	922
1472	1457	1475
876	937	940
932	904	859
704	873	864
1076	1129	1066
1489	1473	1486
923	920	825
850	922	931
1068	1118	1065
881	940	939
1482	1472	1492
1497	1486	1482
1010	1066	1012
925	923	830
982	1068	995
885	939	944
924	925	835
952	1012	948
889	944	951
936	982	945
903	796	936
921	924	843
892	951	956
935	921	853
1352	1327	1297
1342	1362	1388
1395	1365	1352
1362	1398	1388
1342	1319	1362
1365	1327	1352
1365	1339	1327
1339	1295	1327
1365	1376	1339
1295	1282	1327
1339	1302	1295
1376	1343	1339
1365	1403	1376
1282	1297	1327
1282	1248	1297
1282	1230	1248
1230	1191	1248
1282	1258	1230
1230	1177	1191
1177	1129	1191
1230	1208	1177
1177	1122	1129
1122	1066	1129
1177	1153	1122
1258	1208	1230
1258	1223	1208
1223	1165	1208
1258	1295	1223
1282	1295	1258
1295	1302	1223
1208	1153	1177
1208	1165	1153
1165	1103	1153
1103	1092	1153
1165	1116	1103
1092	1122	1153
1092	1060	1122
1060	1066	1122
1060	1012	1066
1092	1022	1060
1060	1022	1012
1092	1047	1022
1103	1047	1092
1103	1055	1047
1055	985	1047
1103	1116	1055
985	979	1047
1055	994	985
1116	1061	1055
1061	994	1055
1116	1126	1061
1061	999	994
1165	1178	1116
1126	1073	1061
1116	1178	1126
1178	1185	1126
1185	1130	1126
1178	1235	1185
999	925	994
1061	1073	999
1223	1178	1165
1223	1235	1178
1223	1302	1235
1185	1184	1130
1130	1073	1126
1130	1072	1073
1072	1008	1073
1130	1128	1072
1235	1244	1185
1047	979	1022
979	935	1022
985	921	979
1008	999	1073
1128	1064	1072
994	924	985
1072	1002	1008
1130	1184	1128
1184	1181	1128
1181	1121	1128
1184	1239	1181
1121	1064	1128
1121	1051	1064
1051	993	1064
1121	1107	1051
1181	1172	1121
1239	1229	1181
1184	1244	1239
993	1002	1064
993	920	1002
1051	981	993
1107	1039	1051
1121	1172	1107
1172	1155	1107
1155	1088	1107
1172	1215	1155
1088	1039	1107
1088	1019	1039
1019	969	1039
1088	1062	1019
1155	1133	1088
1172	1229	1215
1229	1274	1215
1019	922	969
1088	1133	1062
1133	1104	1062
1104	1036	1062
1133	1173	1104
1215	1197	1155
969	981	1039
969	901	981
1062	990	1019
1343	1302	1339
1072	1064	1002
1133	1197	1173
1197	1234	1173
1235	1302	1244
1229	1285	1274
1403	1411	1376
1185	1244	1184
1274	1257	1215
1104	1077	1036
1365	1395	1403
1395	1430	1403
1430	1432	1403
1432	1411	1403
1432	1435	1411
1430	1457	1432
1435	1401	1411
1432	1457	1435
1457	1472	1435
1401	1374	1411
1435	1419	1401
1374	1376	1411
1374	1343	1376
1374	1341	1343
1341	1301	1343
1374	1401	1341
1301	1302	1343
1341	1285	1301
1419	1384	1401
1435	1452	1419
1384	1341	1401
1419	1400	1384
1452	1437	1419
1435	1472	1452
1036	990	1062
1036	964	990
964	931	990
1036	1003	964
1003	932	964
1036	1077	1003
1077	1038	1003
1038	967	1003
1077	1108	1038
967	932	1003
1038	992	967
1108	1070	1038
1077	1145	1108
1002	923	1008
1173	1145	1104
1145	1077	1104
1173	1209	1145
1155	1197	1133
1209	1175	1145
1239	1285	1229
1234	1209	1173
1234	1268	1209
1268	1238	1209
1234	1291	1268
1238	1175	1209
1238	1205	1175
1268	1293	1238
1291	1321	1268
1205	1137	1175
1238	1263	1205
1181	1229	1172
1051	1039	981
990	922	1019
1215	1257	1197
1257	1234	1197
1257	1291	1234
981	917	993
1398	1422	1388
1398	1429	1422
1429	1455	1422
1429	1451	1455
1398	1399	1429
1451	1473	1455
1451	1467	1473
1429	1421	1451
1467	1486	1473
1467	1468	1486
1451	1439	1467
1468	1482	1486
1467	1446	1468
1468	1452	1482
1439	1446	1467
1439	1415	1446
1415	1437	1446
1439	1405	1415
1451	1421	1439
1421	1405	1439
1421	1399	1405
1421	1429	1399
1446	1437	1468
1405	1378	1415
1398	1368	1399
1378	1383	1415
1405	1364	1378
1368	1363	1399
1398	1362	1368
1362	1328	1368
1328	1331	1368
1362	1319	1328
1319	1288	1328
1288	1292	1328
1319	1273	1288
1331	1363	1368
1331	1322	1363
1322	1364	1363
1331	1286	1322
1364	1405	1363
1328	1292	1331
1292	1286	1331
1292	1246	1286
1246	1233	1286
1292	1251	1246
1233	1275	1286
1246	1189	1233
1251	1201	1246
1292	1288	1251
1288	1242	1251
1242	1202	1251
1288	1273	1242
1273	1240	1242
1202	1201	1251
1202	1148	1201
1148	1144	1201
1202	1149	1148
1242	1186	1202
1144	1189	1201
1144	1125	1189
1125	1174	1189
1144	1079	1125
1148	1087	1144
1149	1091	1148
1202	1186	1149
1186	1135	1149
1135	1089	1149
1186	1192	1135
1089	1091	1149
1089	1031	1091
1031	1028	1091
1089	1026	1031
1135	1068	1089
1028	1087	1091
1028	1018	1087
1031	956	1028
1026	956	1031
1089	1068	1026
1286	1275	1322
1275	1310	1322
1310	1364	1322
1275	1263	1310
1319	1289	1273
1289	1240	1273
1240	1192	1242
1319	1342	1289
1018	1079	1087
1079	1144	1087
1018	1013	1079
1013	1063	1079
1018	944	1013
1028	951	1018
1174	1233	1189
1125	1105	1174
1079	1063	1125
1063	1105	1125
1063	1037	1105
1037	1082	1105
1063	986	1037
1082	1152	1105
1037	1011	1082
986	940	1037
1063	1013	986
1013	939	986
939	940	986
1242	1192	1186
1201	1189	1246
1148	1091	1087
1233	1218	1275
1152	1174	1105
1082	1117	1152
1011	1046	1082
1037	940	1011
1383	1437	1415
1363	1405	1399
1046	1117	1082
1364	1336	1378
1233	1174	1218
1378	1321	1383
1117	1205	1152
1011	972	1046
1218	1263	1275
1400	1361	1384
1145	1175	1108
1175	1137	1108
1137	1070	1108
1137	1117	1070
1137	1205	1117
1238	1293	1263
1293	1336	1263
1361	1340	1384
1400	1383	1361
1361	1315	1340
1315	1274	1340
1361	1291	1315
1291	1257	1315
1257	1274	1315
1285	1340	1274
992	926	967
1291	1361	1321
1437	1400	1419
1268	1321	1293
1336	1321	1378
1070	992	1038
972	992	1046
1364	1310	1336
1310	1263	1336
1340	1341	1384
1452	1468	1437
1011	937	972
1263	1218	1205
1244	1301	1239
1321	1336	1293
1046	1070	1117
1437	1383	1400
1070	1046	992
1008	923	999
1239	1301	1285
1152	1218	1174
901	969	900
969	922	900
926	972	910
972	937	910
904	967	926
904	932	967
917	981	901
920	993	917
922	990	931
1118	1135	1192
1118	1068	1135
937	1011	940
1244	1302	1301
964	890	931
923	1002	920
1482	1452	1472
985	924	921
1152	1205	1218
921	935	979
925	999	923
994	925	924
1013	944	939
932	890	964
992	972	926
982	1026	1068
982	959	1026
959	956	1026
982	936	959
936	895	959
895	956	959
1018	951	944
1012	973	948
973	935	948
1012	1022	973
973	1022	935
1028	956	951
948	864	873
948	935	864
1341	1340	1285
1321	1361	1383
