1055	1090	1081
1080	1089	1054
1024	1068	1055
1081	1111	1109
1108	1120	1080
1054	1064	1023
1000	1035	1024
1109	1140	1136
1135	1133	1108
1023	1037	999
970	1015	1000
1136	1163	1165
1164	1167	1135
999	1007	969
947	983	970
1165	1191	1188
1187	1186	1164
969	988	946
921	960	947
946	959	920
892	931	921
1188	1210	1212
1211	1213	1187
920	932	891
865	910	892
1212	1231	1233
1232	1227	1211
891	909	864
834	874	865
1233	1247	1253
1252	1248	1232
864	877	833
804	853	834
833	852	803
1090	1111	1081
1090	1124	1111
1055	1068	1090
1068	1124	1090
1089	1064	1054
1089	1094	1064
1080	1120	1089
1120	1145	1089
1111	1140	1109
1111	1124	1140
1108	1133	1120
1133	1145	1120
1024	1035	1068
1035	1071	1068
1064	1037	1023
1064	1094	1037
1253	1269	1273
1272	1267	1252
1140	1163	1136
1140	1175	1163
1135	1167	1133
1167	1145	1133
1000	1015	1035
1015	1071	1035
1037	1007	999
1037	1042	1007
1163	1191	1165
1163	1175	1191
1007	988	969
1007	1042	988
970	983	1015
983	1027	1015
1164	1186	1167
1186	1197	1167
780	825	804
803	827	779
947	960	983
960	1027	983
988	959	946
988	1004	959
1191	1210	1188
1191	1215	1210
1187	1213	1186
1213	1197	1186
1273	1282	1289
959	932	920
959	1004	932
1288	1284	1272
921	931	960
931	975	960
1210	1231	1212
1210	1215	1231
1211	1227	1213
1227	1239	1213
752	795	780
779	794	751
892	910	931
910	975	931
932	909	891
932	953	909
1231	1247	1233
1231	1250	1247
1232	1248	1227
1248	1239	1227
865	874	910
874	917	910
909	877	864
909	953	877
1289	1297	1301
1300	1296	1288
695	771	752
751	770	694
1247	1269	1253
1247	1250	1269
1252	1267	1248
1267	1268	1248
834	853	874
853	917	874
877	852	833
877	898	852
1301	1306	1311
1310	1305	1300
625	700	695
694	701	624
804	825	853
825	856	853
852	827	803
852	898	827
639	698	640
646	706	647
1269	1282	1273
1269	1281	1282
1272	1284	1267
1284	1268	1267
638	708	639
647	709	648
640	696	641
645	697	646
637	699	638
641	704	642
644	705	645
648	712	649
780	795	825
795	856	825
827	794	779
827	835	794
1311	1313	1314
1314	1312	1310
636	713	637
649	714	650
1282	1297	1289
1282	1281	1297
1288	1296	1284
1296	1292	1284
642	707	643
643	730	644
635	702	636
650	717	622
752	771	795
771	802	795
794	770	751
794	835	770
1297	1306	1301
1297	1299	1306
1300	1305	1296
1305	1292	1296
634	724	635
622	703	651
695	700	771
700	758	771
770	701	694
770	773	701
633	726	634
651	727	652
1306	1313	1311
1306	1299	1308
1310	1312	1305
1312	1302	1305
625	659	700
701	626	624
698	696	640
698	777	696
639	708	698
708	777	698
706	709	647
706	774	709
646	697	706
697	772	706
638	699	708
699	778	708
709	712	648
709	774	712
696	704	641
696	777	704
645	705	697
705	772	697
637	713	699
713	778	699
712	714	649
712	776	714
704	707	642
704	775	707
644	730	705
730	772	705
632	732	633
652	731	653
1145	1094	1089
1071	1124	1068
1313	1312	1314
1313	1308	1312
1140	1124	1175
1037	1094	1042
636	702	713
702	784	713
714	717	650
714	776	717
1027	1071	1015
1197	1145	1167
707	730	643
707	775	730
988	1042	1004
1191	1175	1215
635	724	702
724	784	702
717	703	622
717	793	703
631	710	632
653	711	654
975	1027	960
1239	1197	1213
1231	1215	1250
659	758	700
701	773	626
932	1004	953
1268	1239	1248
634	726	724
726	787	724
703	727	651
703	793	727
917	975	910
877	953	898
1269	1250	1281
856	917	853
1292	1268	1284
827	898	835
1297	1281	1299
802	856	795
1302	1292	1305
772	774	706
778	777	708
704	777	775
770	835	773
712	774	776
630	739	631
654	738	655
784	778	713
717	776	793
633	732	726
732	791	726
726	791	787
791	841	787
841	831	787
791	840	841
727	731	652
727	792	731
787	784	724
732	785	791
792	786	731
727	793	792
632	710	732
710	785	732
710	739	785
710	631	739
731	711	653
731	786	711
786	738	711
738	654	711
758	802	771
659	658	758
630	733	739
738	734	655
831	784	787
841	878	831
840	889	841
791	785	840
785	843	840
843	887	840
785	739	789
792	846	786
629	733	630
629	728	733
728	796	733
629	628	728
628	735	728
735	798	728
628	627	735
655	734	656
734	729	656
729	657	656
729	736	657
734	797	729
736	658	657
729	799	736
758	801	802
1124	1166	1175
1197	1184	1145
887	889	840
887	940	889
940	935	889
887	938	940
798	796	728
798	854	796
854	848	796
798	850	854
848	789	796
854	904	848
850	906	854
798	790	850
799	801	736
843	880	887
735	790	798
735	722	790
722	773	790
722	626	773
735	627	722
627	626	722
729	797	799
797	855	799
855	851	799
797	849	855
851	801	799
855	907	851
849	905	855
797	788	849
796	789	733
789	739	733
789	843	785
734	788	797
734	738	788
738	786	788
878	863	831
841	889	878
846	839	786
792	844	846
801	858	802
758	736	801
1145	1144	1094
935	878	889
938	982	940
1175	1204	1215
940	981	935
887	880	938
880	904	938
1166	1204	1175
1166	1192	1204
1192	1237	1204
1166	1147	1192
1237	1240	1204
1192	1214	1237
1147	1169	1192
1166	1121	1147
906	904	854
1240	1215	1204
1240	1250	1215
1240	1262	1250
1262	1281	1250
1240	1237	1262
1262	1285	1281
1285	1299	1281
1285	1298	1299
1262	1264	1285
1298	1308	1299
1285	1278	1298
1264	1278	1285
1264	1258	1278
1258	1270	1278
1264	1243	1258
1270	1287	1278
1258	1245	1270
1243	1234	1258
1264	1237	1243
1262	1237	1264
1308	1313	1306
1308	1302	1312
1308	1298	1302
1298	1287	1302
1298	1278	1287
1245	1251	1270
1234	1245	1258
1270	1274	1287
1243	1214	1234
1214	1243	1237
855	905	907
1121	1098	1147
1184	1144	1145
1184	1172	1144
1172	1127	1144
1184	1220	1172
1127	1095	1144
1172	1152	1127
1220	1195	1172
1184	1219	1220
790	842	850
1169	1214	1192
904	880	848
880	843	848
849	896	905
1124	1121	1166
1124	1071	1121
1071	1074	1121
1074	1098	1121
1074	1045	1098
1071	1027	1074
1045	1085	1098
1074	1027	1045
1085	1131	1098
1045	1033	1085
1131	1147	1098
1131	1169	1147
1131	1139	1169
1139	1177	1169
1131	1085	1139
1177	1214	1169
1139	1141	1177
1033	1067	1085
1045	997	1033
1141	1176	1177
1139	1100	1141
850	901	906
848	843	789
1197	1219	1184
1197	1239	1219
1239	1249	1219
1249	1220	1219
1239	1268	1249
1268	1277	1249
1277	1257	1249
1268	1292	1277
1292	1291	1277
1291	1276	1277
1292	1302	1291
1302	1287	1291
1257	1220	1249
1277	1276	1257
1276	1254	1257
1254	1236	1257
1276	1274	1254
1276	1291	1274
1236	1220	1257
1254	1223	1236
1223	1209	1236
1254	1251	1223
907	900	851
788	839	849
1172	1195	1152
1067	1139	1085
1127	1078	1095
1220	1236	1195
997	979	1033
1095	1094	1144
1095	1042	1094
1095	1047	1042
1047	1004	1042
1095	1078	1047
1078	1030	1047
1047	1030	1004
1078	1070	1030
1070	1012	1030
1078	1118	1070
1012	977	1030
1070	1044	1012
1118	1096	1070
1078	1127	1118
1127	1152	1118
1152	1096	1118
1033	1008	1067
1045	975	997
863	784	831
1274	1291	1287
977	953	1030
1096	1044	1070
844	913	846
1251	1274	1270
1139	1067	1100
839	788	786
982	981	940
1141	1138	1176
858	856	802
981	971	935
1044	991	1012
878	916	863
1176	1208	1177
792	793	844
1245	1225	1251
1012	962	977
846	893	839
938	978	982
1100	1102	1141
801	851	858
842	901	850
971	916	935
1102	1138	1141
1008	1036	1067
1225	1230	1251
901	962	906
913	893	846
916	894	863
893	896	839
896	949	905
979	1008	1033
991	962	1012
962	927	977
900	858	851
900	912	858
912	856	858
912	917	856
900	979	912
1138	1168	1176
1208	1214	1177
978	1025	982
790	773	842
981	1032	971
1100	1065	1102
1245	1218	1225
844	883	913
878	935	916
849	839	896
997	912	979
1044	1016	991
907	979	900
1176	1202	1208
938	904	978
1036	1100	1067
927	898	977
1065	1062	1102
1202	1234	1208
1234	1214	1208
1062	1097	1102
1065	1017	1062
1097	1138	1102
1062	1051	1097
1017	1013	1062
1065	1036	1017
1065	1100	1036
1051	1084	1097
1062	1013	1051
1084	1126	1097
1013	1005	1051
1126	1138	1097
1084	1110	1126
1005	1038	1051
1013	966	1005
1110	1150	1126
1084	1069	1110
1038	1084	1051
966	957	1005
1150	1168	1126
1069	1086	1110
957	989	1005
966	883	957
1086	1128	1110
1069	1041	1086
989	1038	1005
1086	1103	1128
1069	1018	1041
1103	1143	1128
1086	1060	1103
1018	995	1041
1143	1170	1128
1060	1073	1103
995	1011	1041
1170	1150	1128
1073	1116	1103
1011	1060	1041
1150	1110	1128
1116	1143	1103
1060	1086	1041
1116	1151	1143
1151	1179	1143
1116	1122	1151
1179	1170	1143
1122	1153	1151
1116	1077	1122
1153	1185	1151
1122	1117	1153
1077	1076	1122
1185	1179	1151
1117	1146	1153
1076	1117	1122
1185	1230	1179
1146	1182	1153
1182	1185	1153
1146	1173	1182
1182	1223	1185
1173	1209	1182
1209	1223	1182
1209	1195	1236
1209	1173	1195
1173	1152	1195
1173	1146	1152
1152	1146	1096
1170	1189	1150
1189	1168	1150
1189	1202	1168
1170	1205	1189
1205	1218	1189
1170	1179	1205
1179	1230	1205
1117	1101	1146
1101	1096	1146
1101	1044	1096
1117	1072	1101
1072	1044	1101
1117	1076	1072
1076	1025	1072
1025	1016	1072
1025	978	1016
978	991	1016
894	845	863
845	784	863
894	867	845
867	820	845
894	919	867
820	778	845
867	836	820
919	884	867
894	943	919
867	884	836
919	937	884
943	964	919
884	857	836
919	964	937
857	800	836
964	1011	937
800	775	836
800	730	775
857	821	800
821	772	800
821	811	772
811	774	772
811	819	774
819	776	774
811	859	819
819	832	776
859	866	819
811	821	859
832	793	776
819	866	832
866	883	832
859	908	866
908	914	866
859	895	908
914	883	866
908	952	914
895	942	908
859	821	895
857	895	821
952	957	914
908	942	952
836	775	820
937	903	884
903	857	884
937	942	903
903	895	857
903	942	895
883	966	913
1018	942	995
943	990	964
990	1011	964
943	971	990
1025	1026	982
1026	981	982
1025	1076	1026
1013	967	966
967	913	966
1013	1017	967
1017	949	967
1230	1223	1251
1230	1185	1223
1218	1205	1225
1205	1230	1225
1077	1032	1076
1168	1202	1176
1011	1022	1060
1022	1073	1060
1011	990	1022
990	1032	1022
1022	1032	1073
1032	1077	1073
1077	1116	1073
949	955	905
955	907	905
949	1036	955
1032	990	971
1084	1038	1069
1038	1018	1069
1038	989	1018
989	952	1018
1008	955	1036
962	901	927
901	842	927
916	943	894
916	971	943
883	793	832
883	844	793
1245	1234	1218
1138	1126	1168
896	939	949
939	967	949
939	913	967
896	893	939
893	913	939
1044	1072	1016
995	937	1011
981	1026	1032
957	952	989
952	942	1018
736	758	658
979	955	1008
991	906	962
1076	1032	1026
842	835	927
842	773	835
1189	1218	1202
1218	1234	1202
1251	1254	1274
906	991	904
991	978	904
955	979	907
975	1045	1027
914	957	883
1004	1030	953
912	997	917
917	997	975
953	977	898
777	820	775
777	778	820
927	835	898
1036	949	1017
778	784	845
942	937	995
730	800	772
969	1002	999
999	1029	1023
1024	1021	1000
1000	1001	970
946	973	969
1023	1050	1054
1055	1057	1024
970	974	947
920	951	946
1054	1082	1080
1081	1079	1055
947	950	921
1080	1106	1108
1109	1107	1081
891	924	920
921	925	892
864	899	891
1108	1132	1135
1136	1129	1109
892	897	865
1135	1156	1164
1165	1160	1136
803	847	833
833	868	864
865	869	834
834	837	804
1164	1180	1187
1188	1181	1165
779	814	803
1187	1206	1211
1212	1207	1188
804	815	780
751	783	779
780	782	752
1029	1050	1023
1029	1056	1050
999	1002	1029
1002	1056	1029
1021	1001	1000
1021	1028	1001
1024	1057	1021
1057	1028	1021
969	973	1002
973	996	1002
1001	974	970
1001	1028	974
1050	1082	1054
1050	1056	1082
1055	1079	1057
1079	1088	1057
946	951	973
951	996	973
974	950	947
974	968	950
1211	1224	1232
1233	1222	1212
1082	1106	1080
1082	1115	1106
1081	1107	1079
1107	1088	1079
920	924	951
924	945	951
950	925	921
950	968	925
694	754	751
752	753	695
1106	1132	1108
1106	1115	1132
1109	1129	1107
1129	1137	1107
891	899	924
899	945	924
925	897	892
925	922	897
1132	1156	1135
1132	1162	1156
1136	1160	1129
1160	1137	1129
864	868	899
868	890	899
897	869	865
897	922	869
624	660	694
1232	1244	1252
1253	1246	1233
695	693	625
1156	1180	1164
1156	1162	1180
1165	1181	1160
1181	1183	1160
833	847	868
847	890	868
869	837	834
869	861	837
803	814	847
814	830	847
837	815	804
837	861	815
1180	1206	1187
1180	1199	1206
1188	1207	1181
1207	1183	1181
1252	1265	1272
1273	1266	1253
779	783	814
783	830	814
815	782	780
815	807	782
1206	1224	1211
1206	1199	1224
1212	1222	1207
1222	1221	1207
751	754	783
754	761	783
782	753	752
782	807	755
1272	1279	1288
1289	1280	1273
1224	1244	1232
1224	1241	1244
1233	1246	1222
1246	1221	1222
694	660	754
753	693	695
1244	1265	1252
1244	1241	1265
1253	1266	1246
1266	1260	1246
1288	1293	1300
1301	1294	1289
683	720	682
682	716	681
673	718	672
672	740	671
1265	1279	1272
1265	1271	1279
1273	1280	1266
1280	1260	1266
684	742	683
671	721	670
1300	1303	1310
1311	1304	1301
681	737	680
674	715	673
623	723	684
670	745	669
685	748	623
680	719	679
675	741	674
669	725	668
679	744	678
676	743	675
686	750	685
668	749	667
1279	1293	1288
1279	1271	1293
1289	1294	1280
1294	1286	1280
1310	1307	1314
1314	1309	1311
678	747	677
677	746	676
996	1056	1002
1088	1028	1057
687	757	686
667	756	666
974	1028	968
1082	1056	1115
945	996	951
1137	1088	1107
925	968	922
1293	1303	1300
1293	1290	1303
1301	1304	1294
1304	1286	1294
688	760	687
666	759	665
1132	1115	1162
890	945	899
1183	1137	1160
869	922	861
720	716	682
720	808	716
683	742	720
742	808	720
740	721	671
740	810	721
672	718	740
718	781	740
689	763	688
665	762	664
716	737	681
716	808	737
673	715	718
715	781	718
684	723	742
723	812	742
721	745	670
721	810	745
737	719	680
737	805	719
674	741	715
741	781	715
830	890	847
1311	1309	1304
1309	1295	1304
1303	1307	1310
1303	1290	1307
1180	1162	1199
623	748	723
748	812	723
745	725	669
745	816	725
719	744	679
719	805	744
675	743	741
743	806	741
685	750	748
750	817	748
725	749	668
725	816	749
815	861	807
690	769	689
664	768	663
1221	1183	1207
744	747	678
744	809	747
676	746	743
746	806	743
686	757	750
757	817	750
749	756	667
749	818	756
1307	1309	1314
1307	1295	1309
761	830	783
754	660	761
747	746	677
747	809	813
687	760	757
760	824	757
756	759	666
756	818	759
1224	1199	1241
691	767	690
663	766	662
1088	1066	1028
1056	1087	1115
996	1039	1056
688	763	760
763	824	760
759	762	665
759	826	762
1028	1010	968
1137	1112	1088
1260	1221	1246
1265	1241	1271
945	985	996
1115	1130	1162
1286	1260	1280
1293	1271	1290
1183	1155	1137
968	963	922
781	810	740
812	808	742
737	808	805
1295	1286	1304
806	781	741
692	765	691
662	764	661
745	810	816
817	812	748
744	805	809
689	769	763
769	829	763
762	768	664
762	828	768
749	816	818
890	936	945
1162	1174	1199
824	817	757
826	828	762
826	886	828
759	818	826
886	879	828
826	875	886
753	755	693
829	824	763
769	822	829
828	823	768
922	911	861
690	767	769
767	822	769
767	765	822
767	691	765
768	766	663
768	823	766
823	764	766
764	662	766
1221	1194	1183
755	692	693
755	765	692
755	807	765
755	753	782
1066	1010	1028
1066	1034	1010
1034	972	1010
1066	1093	1034
1088	1112	1066
1112	1093	1066
1112	1155	1093
1112	1137	1155
1087	1130	1115
1087	1099	1130
1099	1154	1130
1087	1046	1099
1056	1039	1087
1039	1046	1087
1039	985	1046
1039	996	985
1010	963	968
1010	972	963
972	911	963
911	922	963
945	936	985
936	961	985
961	1046	985
936	879	961
1130	1174	1162
1130	1154	1174
1154	1196	1174
1196	1199	1174
1154	1161	1196
830	873	890
1183	1194	1155
1194	1158	1155
1158	1093	1155
1194	1200	1158
764	761	661
661	761	660
890	873	936
873	879	936
879	823	828
879	873	823
886	954	879
875	944	886
826	818	875
822	882	829
1161	1203	1196
1154	1113	1161
911	838	861
1099	1113	1154
1099	1058	1113
1046	1058	1099
1093	1052	1034
1221	1226	1194
1034	984	972
1200	1157	1158
1194	1226	1200
1226	1229	1200
1229	1193	1200
1226	1259	1229
1199	1196	1241
1193	1157	1200
1193	1142	1157
1142	1105	1157
1193	1178	1142
1229	1216	1193
1259	1256	1229
1226	1260	1259
1260	1286	1259
1226	1221	1260
1286	1256	1259
1105	1119	1157
1142	1083	1105
1178	1125	1142
1193	1216	1178
1216	1201	1178
1201	1148	1178
1216	1242	1201
830	764	873
1058	1063	1113
1148	1125	1178
1148	1091	1125
1091	1059	1125
1148	1123	1091
1201	1171	1148
1242	1217	1201
1216	1256	1242
1256	1275	1242
1059	1083	1125
1059	1019	1083
1091	1020	1059
1123	1053	1091
1148	1171	1123
1171	1134	1123
1134	1075	1123
1171	1190	1134
944	954	886
875	930	944
882	888	829
1113	1114	1161
1171	1217	1190
1217	1228	1190
1203	1235	1196
1134	1092	1075
822	911	882
1161	1159	1203
1075	1053	1123
1075	1009	1053
1009	986	1053
1075	1031	1009
1190	1149	1134
838	807	861
838	765	807
986	1020	1053
986	958	1020
1031	965	1009
911	822	838
1009	948	986
1075	1092	1031
1092	1043	1031
1043	980	1031
1092	1104	1043
1052	984	1034
984	882	972
980	965	1031
980	918	965
918	902	965
980	929	918
1104	1049	1043
1093	1119	1052
1043	987	980
1092	1149	1104
1149	1159	1104
1157	1119	1158
1119	1093	1158
1059	992	1019
980	987	929
987	934	929
934	870	929
987	994	934
1256	1286	1275
918	806	902
1275	1255	1242
1019	1040	1083
902	948	965
902	876	948
929	862	918
1229	1256	1216
958	992	1020
992	1059	1020
958	926	992
926	956	992
958	885	926
994	933	934
1228	1198	1190
870	862	929
870	810	862
870	816	810
986	923	958
987	1049	994
1049	1048	994
1217	1255	1228
1217	1242	1255
1255	1263	1228
1263	1238	1228
1255	1283	1263
934	871	870
1125	1083	1142
1201	1217	1171
1091	1053	1020
876	923	948
923	986	948
876	809	923
1083	1040	1105
1063	1114	1113
1063	1048	1114
1063	998	1048
998	994	1048
1063	1014	998
1014	944	998
1063	1058	1014
1058	1006	1014
1006	944	1014
1058	1046	1006
1046	961	1006
1238	1198	1228
1283	1290	1263
1105	1061	1119
902	806	876
1263	1261	1238
1255	1275	1283
1275	1295	1283
954	961	879
954	1006	961
954	944	1006
1235	1241	1196
965	948	1009
958	923	885
888	824	829
1159	1198	1203
956	1019	992
956	976	1019
976	1040	1019
976	993	1040
956	915	976
993	1061	1040
976	928	993
915	928	976
956	881	915
915	817	928
928	941	993
881	812	915
956	926	881
926	808	881
941	1003	993
928	872	941
930	998	944
1049	987	1043
1049	1114	1048
1114	1159	1161
1149	1092	1134
1203	1238	1235
1104	1114	1049
882	984	888
875	818	860
1190	1198	1149
1198	1159	1149
885	808	926
994	998	933
934	933	871
1261	1235	1238
1261	1271	1235
1261	1290	1271
872	888	941
862	806	918
871	816	870
871	860	816
860	818	816
871	933	860
860	930	875
1061	1052	1119
1061	1003	1052
1003	984	1052
1003	941	984
1263	1290	1261
1003	1061	993
928	817	872
1105	1040	1061
930	933	998
930	860	933
764	830	761
1275	1286	1295
1114	1104	1159
923	809	885
1238	1203	1198
1241	1235	1271
876	813	809
813	746	747
813	806	746
813	876	806
838	822	765
1295	1307	1283
881	808	812
888	984	941
817	824	872
824	888	872
781	862	810
781	806	862
808	885	805
885	809	805
1283	1307	1290
817	915	812
823	873	764
972	882	911
260	225	234
235	226	261
291	247	260
234	204	206
207	195	235
261	251	292
315	280	291
206	175	179
180	182	207
292	278	316
345	300	315
179	152	150
151	148	180
316	308	346
368	332	345
150	124	127
128	129	151
346	327	369
394	355	368
369	356	395
423	384	394
127	105	103
104	102	128
395	383	424
450	405	423
103	84	82
83	88	104
424	406	451
481	441	450
82	68	62
63	67	83
451	438	482
511	462	481
482	463	512
225	204	234
225	191	204
260	247	225
247	191	225
226	251	261
226	221	251
235	195	226
195	170	226
204	175	206
204	191	175
207	182	195
182	170	195
291	280	247
280	244	247
251	278	292
251	221	278
62	46	42
43	48	63
175	152	179
175	140	152
180	148	182
148	170	182
315	300	280
300	244	280
278	308	316
278	273	308
152	124	150
152	140	124
308	327	346
308	273	327
345	332	300
332	288	300
151	129	148
129	118	148
535	490	511
512	488	536
368	355	332
355	288	332
327	356	369
327	311	356
124	105	127
124	100	105
128	102	129
102	118	129
42	33	26
356	383	395
356	311	383
27	31	43
394	384	355
384	340	355
105	84	103
105	100	84
104	88	102
88	76	102
563	520	535
536	521	564
423	405	384
405	340	384
383	406	424
383	362	406
84	68	82
84	65	68
83	67	88
67	76	88
450	441	405
441	398	405
406	438	451
406	362	438
26	18	14
15	19	27
620	544	563
564	545	621
68	46	62
68	65	46
63	48	67
48	47	67
481	462	441
462	398	441
438	463	482
438	417	463
14	9	4
5	10	15
625	615	620
621	614	624
511	490	462
490	459	462
463	488	512
463	417	488
673	617	674
680	609	681
46	33	42
46	34	33
43	31	48
31	47	48
672	607	673
681	606	682
674	619	675
679	618	680
671	616	672
675	611	676
678	610	679
682	603	683
535	520	490
520	459	490
488	521	536
488	480	521
4	2	1
1	3	5
670	602	671
683	601	684
33	18	26
33	34	18
27	19	31
19	23	31
676	608	677
677	585	678
669	613	670
684	598	623
563	544	520
544	513	520
521	545	564
521	480	545
18	9	14
18	16	9
15	10	19
10	23	19
668	591	669
623	612	685
620	615	544
615	557	544
545	614	621
545	542	614
667	589	668
685	588	686
9	2	4
9	16	7
5	3	10
3	13	10
625	693	615
614	660	624
617	619	674
617	538	619
673	607	617
607	538	617
609	606	681
609	541	606
680	618	609
618	543	609
672	616	607
616	537	607
606	603	682
606	541	603
619	611	675
619	538	611
679	610	618
610	543	618
671	602	616
602	537	616
603	601	683
603	539	601
611	608	676
611	540	608
678	585	610
585	543	610
666	583	667
686	584	687
170	221	226
244	191	247
2	3	1
2	7	3
175	191	140
278	221	273
670	613	602
613	531	602
601	598	684
601	539	598
288	244	300
118	170	148
608	585	677
608	540	585
327	273	311
124	140	100
669	591	613
591	531	613
598	612	623
598	522	612
665	605	666
687	604	688
340	288	355
76	118	102
84	100	65
693	557	615
614	542	660
383	311	362
47	76	67
668	589	591
589	528	591
612	588	685
612	522	588
398	340	405
438	362	417
46	65	34
459	398	462
23	47	31
488	417	480
18	34	16
513	459	520
13	23	10
543	541	609
537	538	607
611	538	540
545	480	542
603	541	539
664	576	665
688	577	689
531	537	602
598	539	522
667	583	589
583	524	589
589	524	528
524	474	528
474	484	528
524	475	474
588	584	686
588	523	584
528	531	591
583	530	524
523	529	584
588	522	523
666	605	583
605	530	583
605	576	530
605	665	576
584	604	687
584	529	604
529	577	604
577	688	604
557	513	544
693	692	557
664	582	576
577	581	689
484	531	528
474	437	484
475	426	474
524	530	475
530	472	475
472	428	475
530	576	526
523	469	529
663	582	664
663	587	582
587	519	582
663	662	587
662	580	587
580	517	587
662	661	580
689	581	690
581	586	690
586	691	690
586	579	691
581	518	586
579	692	691
586	516	579
557	514	513
191	149	140
118	131	170
428	426	475
428	375	426
375	380	426
428	377	375
517	519	587
517	461	519
461	467	519
517	465	461
467	526	519
461	411	467
465	409	461
517	525	465
516	514	579
472	435	428
580	525	517
580	593	525
593	542	525
593	660	542
580	661	593
661	660	593
586	518	516
518	460	516
460	464	516
518	466	460
464	514	516
460	408	464
466	410	460
518	527	466
519	526	582
526	576	582
526	472	530
581	527	518
581	577	527
577	529	527
437	452	484
474	426	437
469	476	529
523	471	469
514	457	513
557	579	514
170	171	221
380	437	426
377	333	375
140	111	100
375	334	380
428	435	377
435	411	377
149	111	140
149	123	111
123	78	111
149	168	123
78	75	111
123	101	78
168	146	123
149	194	168
409	411	461
75	100	111
75	65	100
75	53	65
53	34	65
75	78	53
53	30	34
30	16	34
30	17	16
53	51	30
17	7	16
30	37	17
51	37	30
51	57	37
57	45	37
51	72	57
45	28	37
57	70	45
72	81	57
51	78	72
53	78	51
7	2	9
7	13	3
7	17	13
17	28	13
17	37	28
70	64	45
81	70	57
45	41	28
72	101	81
101	72	78
460	410	408
194	217	168
131	171	170
131	143	171
143	188	171
131	95	143
188	220	171
143	163	188
95	120	143
131	96	95
525	473	465
146	101	123
411	435	467
435	472	467
466	419	410
191	194	149
191	244	194
244	241	194
241	217	194
241	270	217
244	288	241
270	230	217
241	288	270
230	184	217
270	282	230
184	168	217
184	146	168
184	176	146
176	138	146
184	230	176
138	101	146
176	174	138
282	248	230
270	318	282
174	139	138
176	215	174
465	414	409
467	472	526
118	96	131
118	76	96
76	66	96
66	95	96
76	47	66
47	38	66
38	58	66
47	23	38
23	24	38
24	39	38
23	13	24
13	28	24
58	95	66
38	39	58
39	61	58
61	79	58
39	41	61
39	24	41
79	95	58
61	92	79
92	106	79
61	64	92
408	415	464
527	476	466
143	120	163
248	176	230
188	237	220
95	79	120
318	336	282
220	221	171
220	273	221
220	268	273
268	311	273
220	237	268
237	285	268
268	285	311
237	245	285
245	303	285
237	197	245
303	338	285
245	271	303
197	219	245
237	188	197
188	163	197
163	219	197
282	307	248
270	340	318
452	531	484
41	24	28
338	362	285
219	271	245
471	402	469
64	41	45
176	248	215
476	527	529
333	334	375
174	177	139
457	459	513
334	344	380
271	324	303
437	399	452
139	107	138
523	522	471
70	90	64
303	353	338
469	422	476
377	337	333
215	213	174
514	464	457
473	414	465
344	399	380
213	177	174
307	279	248
90	85	64
414	353	409
402	422	469
399	421	452
422	419	476
419	366	410
336	307	282
324	353	303
353	388	338
415	457	464
415	403	457
403	459	457
403	398	459
415	336	403
177	147	139
107	101	138
337	290	333
525	542	473
334	283	344
215	250	213
70	97	90
471	432	402
437	380	399
466	476	419
318	403	336
271	299	324
408	336	415
139	113	107
377	411	337
279	215	248
388	417	338
250	253	213
113	81	107
81	101	107
253	218	213
250	298	253
218	177	213
253	264	218
298	302	253
250	279	298
250	215	279
264	231	218
253	302	264
231	189	218
302	310	264
189	177	218
231	205	189
310	277	264
302	349	310
205	165	189
231	246	205
277	231	264
349	358	310
165	147	189
246	229	205
358	326	310
349	432	358
229	187	205
246	274	229
326	277	310
229	212	187
246	297	274
212	172	187
229	255	212
297	320	274
172	145	187
255	242	212
320	304	274
145	165	187
242	199	212
304	255	274
165	205	187
199	172	212
255	229	274
199	164	172
164	136	172
199	193	164
136	145	172
193	162	164
199	238	193
162	130	164
193	198	162
238	239	193
130	136	164
198	169	162
239	198	193
130	85	136
169	133	162
133	130	162
169	142	133
133	92	130
142	106	133
106	92	133
106	120	79
106	142	120
142	163	120
142	169	163
163	169	219
145	126	165
126	147	165
126	113	147
145	110	126
110	97	126
145	136	110
136	85	110
198	214	169
214	219	169
214	271	219
198	243	214
243	271	214
198	239	243
239	290	243
290	299	243
290	337	299
337	324	299
421	470	452
470	531	452
421	448	470
448	495	470
421	396	448
495	537	470
448	479	495
396	431	448
421	372	396
448	431	479
396	378	431
372	351	396
431	458	479
396	351	378
458	515	479
351	304	378
515	540	479
515	585	540
458	494	515
494	543	515
494	504	543
504	541	543
504	496	541
496	539	541
504	456	496
496	483	539
456	449	496
504	494	456
483	522	539
496	449	483
449	432	483
456	407	449
407	401	449
456	420	407
401	432	449
407	363	401
420	373	407
456	494	420
458	420	494
363	358	401
407	373	363
479	540	495
378	412	431
412	458	431
378	373	412
412	420	458
412	373	420
432	349	402
297	373	320
372	325	351
325	304	351
372	344	325
290	289	333
289	334	333
290	239	289
302	348	349
348	402	349
302	298	348
298	366	348
85	92	64
85	130	92
97	110	90
110	85	90
238	283	239
147	113	139
304	293	255
293	242	255
304	325	293
325	283	293
293	283	242
283	238	242
238	199	242
366	360	410
360	408	410
366	279	360
283	325	344
231	277	246
277	297	246
277	326	297
326	363	297
307	360	279
353	414	388
414	473	388
399	372	421
399	344	372
432	522	483
432	471	522
70	81	97
177	189	147
419	376	366
376	348	366
376	402	348
419	422	376
422	402	376
271	243	299
320	378	304
334	289	283
358	363	326
363	373	297
579	557	692
336	360	307
324	409	353
239	283	289
473	480	388
473	542	480
126	97	113
97	81	113
64	61	41
409	324	411
324	337	411
360	336	408
340	270	288
401	358	432
311	285	362
403	318	398
398	318	340
362	338	417
538	495	540
538	537	495
388	480	417
279	366	298
537	531	470
373	378	320
585	515	543
346	313	316
316	286	292
291	294	315
315	314	345
369	342	346
292	265	261
260	258	291
345	341	368
395	364	369
261	233	235
234	236	260
368	365	394
235	209	207
206	208	234
424	391	395
394	390	423
451	416	424
207	183	180
179	186	206
423	418	450
180	159	151
150	155	179
512	468	482
482	447	451
450	446	481
481	478	511
151	135	128
127	134	150
536	501	512
128	109	104
103	108	127
511	500	535
564	532	536
535	533	563
286	265	292
286	259	265
316	313	286
313	259	286
294	314	315
294	287	314
291	258	294
258	287	294
346	342	313
342	319	313
314	341	345
314	287	341
265	233	261
265	259	233
260	236	258
236	227	258
369	364	342
364	319	342
341	365	368
341	347	365
104	91	83
82	93	103
233	209	235
233	200	209
234	208	236
208	227	236
395	391	364
391	370	364
365	390	394
365	347	390
621	561	564
563	562	620
209	183	207
209	200	183
206	186	208
186	178	208
424	416	391
416	370	391
390	418	423
390	393	418
183	159	180
183	153	159
179	155	186
155	178	186
451	447	416
447	425	416
418	446	450
418	393	446
624	626	621
83	71	63
62	69	82
620	659	625
159	135	151
159	153	135
150	134	155
134	132	155
482	468	447
468	425	447
446	478	481
446	454	478
512	501	468
501	485	468
478	500	511
478	454	500
135	109	128
135	116	109
127	108	134
108	132	134
63	50	43
42	49	62
536	532	501
532	485	501
500	533	535
500	508	533
109	91	104
109	116	91
103	93	108
93	94	108
564	561	532
561	554	532
533	562	563
533	508	560
43	36	27
26	35	42
91	71	83
91	74	71
82	69	93
69	94	93
621	626	561
562	659	620
71	50	63
71	74	50
62	49	69
49	55	69
27	22	15
14	21	26
649	595	648
648	599	647
639	597	638
638	575	637
50	36	43
50	44	36
42	35	49
35	55	49
650	573	649
637	594	636
15	12	5
4	11	14
647	578	646
640	600	639
622	592	650
636	570	635
651	567	622
646	596	645
641	574	640
635	590	634
645	571	644
642	572	641
652	565	651
634	566	633
36	22	27
36	44	22
26	21	35
21	29	35
5	8	1
1	6	4
644	568	643
643	569	642
319	259	313
227	287	258
653	558	652
633	559	632
341	287	347
233	259	200
370	319	364
178	227	208
390	347	393
22	12	15
22	25	12
14	11	21
11	29	21
654	555	653
632	556	631
183	200	153
425	370	416
132	178	155
446	393	454
595	599	648
595	507	599
649	573	595
573	507	595
575	594	637
575	505	594
638	597	575
597	534	575
655	552	654
631	553	630
599	578	647
599	507	578
639	600	597
600	534	597
650	592	573
592	503	573
594	570	636
594	505	570
578	596	646
578	510	596
640	574	600
574	534	600
485	425	468
4	6	11
6	20	11
12	8	5
12	25	8
135	153	116
622	567	592
567	503	592
570	590	635
570	499	590
596	571	645
596	510	571
641	572	574
572	509	574
651	565	567
565	498	567
590	566	634
590	499	566
500	454	508
656	546	655
630	547	629
94	132	108
571	568	644
571	506	568
642	569	572
569	509	572
652	558	565
558	498	565
566	559	633
566	497	559
8	6	1
8	20	6
554	485	532
561	626	554
568	569	643
568	506	502
653	555	558
555	491	558
559	556	632
559	497	556
91	116	74
657	548	656
629	549	628
227	249	287
259	228	200
319	276	259
654	552	555
552	491	555
556	553	631
556	489	553
287	305	347
178	203	227
55	94	69
50	74	44
370	330	319
200	185	153
29	55	35
22	44	25
132	160	178
347	352	393
534	505	575
503	507	573
578	507	510
20	29	11
509	534	574
658	550	657
628	551	627
570	505	499
498	503	567
571	510	506
655	546	552
546	486	552
553	547	630
553	487	547
566	499	497
425	379	370
153	141	116
491	498	558
489	487	553
489	429	487
556	497	489
429	436	487
489	440	429
562	560	659
486	491	552
546	493	486
487	492	547
393	404	454
656	548	546
548	493	546
548	550	493
548	657	550
547	549	629
547	492	549
492	551	549
551	628	549
94	121	132
560	658	659
560	550	658
560	508	550
560	562	533
249	305	287
249	281	305
281	343	305
249	222	281
227	203	249
203	222	249
203	160	222
203	178	160
228	185	200
228	216	185
216	161	185
228	269	216
259	276	228
276	269	228
276	330	269
276	319	330
305	352	347
305	343	352
343	404	352
404	393	352
370	379	330
379	354	330
354	269	330
379	436	354
185	141	153
185	161	141
161	119	141
119	116	141
161	154	119
485	442	425
132	121	160
121	157	160
157	222	160
121	115	157
551	554	627
627	554	626
425	442	379
442	436	379
436	492	487
436	442	492
429	361	436
440	371	429
489	497	440
493	433	486
154	112	119
161	202	154
404	477	454
216	202	161
216	257	202
269	257	216
222	263	281
94	89	121
281	331	343
115	158	157
121	89	115
89	86	115
86	122	115
89	56	86
116	119	74
122	158	115
122	173	158
173	210	158
122	137	173
86	99	122
56	59	86
89	55	56
55	29	56
89	94	55
29	59	56
210	196	158
173	232	210
137	190	173
122	99	137
99	114	137
114	167	137
99	73	114
485	551	442
257	252	202
167	190	137
167	224	190
224	256	190
167	192	224
114	144	167
73	98	114
99	59	73
59	40	73
256	232	190
256	296	232
224	295	256
192	262	224
167	144	192
144	181	192
181	240	192
144	125	181
371	361	429
440	385	371
433	427	486
202	201	154
144	98	125
98	87	125
112	80	119
181	223	240
493	404	433
154	156	112
240	262	192
240	306	262
306	329	262
240	284	306
125	166	181
477	508	454
477	550	508
329	295	262
329	357	295
284	350	306
404	493	477
306	367	329
240	223	284
223	272	284
272	335	284
223	211	272
263	331	281
331	433	343
335	350	284
335	397	350
397	413	350
335	386	397
211	266	272
222	196	263
272	328	335
223	166	211
166	156	211
158	196	157
196	222	157
256	323	296
335	328	386
328	381	386
381	445	386
328	321	381
59	29	40
397	509	413
40	60	73
296	275	232
413	367	350
413	439	367
386	453	397
86	59	99
357	323	295
323	256	295
357	389	323
389	359	323
357	430	389
321	382	381
87	117	125
445	453	386
445	505	453
445	499	505
329	392	357
328	266	321
266	267	321
98	60	87
98	73	60
60	52	87
52	77	87
60	32	52
381	444	445
190	232	173
114	98	144
224	262	295
439	392	367
392	329	367
439	506	392
232	275	210
252	201	202
252	267	201
252	317	267
317	321	267
252	301	317
301	371	317
252	257	301
257	309	301
309	371	301
257	269	309
269	354	309
77	117	87
32	25	52
210	254	196
413	509	439
52	54	77
60	40	32
40	20	32
361	354	436
361	309	354
361	371	309
80	74	119
350	367	306
357	392	430
427	491	486
156	117	112
359	296	323
359	339	296
339	275	296
339	322	275
359	400	339
322	254	275
339	387	322
400	387	339
359	434	400
400	498	387
387	374	322
434	503	400
359	389	434
389	507	434
374	312	322
387	443	374
385	317	371
266	328	272
266	201	267
201	156	154
166	223	181
112	77	80
211	201	266
433	331	427
440	497	455
125	117	166
117	156	166
430	507	389
321	317	382
381	382	444
54	80	77
54	44	80
54	25	44
443	427	374
453	509	397
444	499	445
444	455	499
455	497	499
444	382	455
455	385	440
254	263	196
254	312	263
312	331	263
312	374	331
52	25	54
312	254	322
387	498	443
210	275	254
385	382	317
385	455	382
551	485	554
40	29	20
201	211	156
392	506	430
77	112	117
74	80	44
439	502	506
502	569	568
502	509	569
502	439	509
477	493	550
20	8	32
434	507	503
427	331	374
498	491	443
491	427	443
534	453	505
534	509	453
507	430	510
430	506	510
32	8	25
498	400	503
492	442	551
343	433	404
