253	215	223
222	217	252
283	243	253
223	199	195
194	188	222
252	248	282
310	271	283
195	165	168
167	170	194
282	267	309
340	301	310
168	147	143
142	140	167
309	300	339
369	328	340
143	121	120
119	123	142
339	327	368
399	355	369
120	102	96
95	99	119
368	354	398
430	386	399
398	385	428
458	411	430
96	77	75
74	76	95
428	412	457
75	62	56
55	61	74
490	445	458
56	46	39
38	45	55
457	444	489
514	473	490
489	474	513
215	199	223
215	185	199
253	243	215
243	185	215
217	248	252
217	219	248
222	188	217
188	171	217
199	165	195
199	185	165
194	170	188
170	171	188
283	271	243
271	241	243
248	267	282
248	219	267
165	147	168
165	136	147
167	140	170
140	171	170
310	301	271
301	241	271
267	300	309
267	262	300
39	30	27
26	29	38
147	121	143
147	136	121
142	123	140
123	118	140
340	328	301
328	293	301
300	327	339
300	262	327
548	497	514
513	496	547
121	102	120
121	94	102
327	354	368
327	314	354
369	355	328
355	293	328
119	99	123
99	118	123
399	386	355
386	347	355
354	385	398
354	314	385
13	16	26
95	76	99
76	72	99
27	17	14
102	77	96
102	94	77
671	638	673
673	639	675
687	637	689
689	627	691
669	624	671
691	636	693
675	630	677
685	631	687
571	535	548
547	536	570
667	622	669
693	623	695
430	411	386
411	347	386
385	412	428
385	375	412
77	62	75
77	65	62
74	61	76
61	72	76
665	619	667
677	628	679
683	629	685
695	633	697
14	9	4
3	8	13
458	445	411
445	407	411
412	444	457
412	375	444
641	558	571
570	557	640
62	46	56
62	65	46
55	45	61
45	44	61
663	632	665
697	615	699
679	589	681
681	625	683
490	473	445
473	407	445
444	474	489
444	439	474
1	2	3
4	7	1
661	608	663
699	609	701
46	30	39
46	32	30
38	29	45
29	44	45
721	635	641
640	634	642
514	497	473
497	469	473
474	496	513
474	439	496
659	626	661
701	605	703
30	17	27
30	32	17
26	16	29
16	23	29
548	535	497
535	469	497
496	536	547
496	494	536
657	601	659
703	621	705
13	8	16
8	23	16
17	9	14
17	18	9
638	639	673
638	551	639
671	624	638
624	551	638
627	636	691
627	550	636
689	637	627
637	556	627
639	630	675
639	551	630
687	631	637
631	556	637
669	622	624
622	555	624
636	623	693
636	550	623
571	558	535
558	527	535
536	557	570
536	494	557
630	628	677
630	554	628
685	629	631
629	556	631
667	619	622
619	555	622
623	633	695
623	549	633
628	589	679
628	554	589
683	625	629
625	553	629
655	591	657
633	615	697
633	549	615
705	592	707
665	632	619
632	546	619
9	7	4
9	18	7
3	2	8
2	12	8
557	634	640
557	559	634
641	635	558
635	582	558
663	608	632
608	546	632
615	609	699
615	545	609
589	625	681
589	553	625
1	7	2
7	12	2
653	586	655
707	587	709
661	626	608
626	541	608
609	605	701
609	545	605
721	719	635
719	582	635
634	643	642
634	559	643
659	601	626
601	541	626
605	621	703
605	534	621
651	612	653
709	613	711
171	219	217
241	185	243
165	185	136
267	219	262
118	171	140
657	591	601
591	537	601
621	592	705
621	534	592
293	241	301
121	136	94
327	262	314
72	118	99
649	580	651
347	293	355
77	94	65
711	581	713
385	314	375
44	72	61
407	347	411
46	65	32
444	375	439
23	44	29
655	586	591
586	530	591
592	587	707
592	531	587
556	550	627
469	407	473
17	32	18
630	551	554
555	551	624
623	550	549
553	556	629
496	439	494
12	23	8
546	555	619
527	469	535
615	549	545
541	546	608
557	494	559
605	545	534
582	527	558
719	717	582
537	541	601
591	530	537
530	481	537
481	493	537
530	484	481
586	540	530
531	539	587
592	534	531
653	612	586
612	540	586
612	580	540
612	651	580
587	613	709
587	539	613
539	581	613
581	711	613
647	578	649
713	579	715
582	538	527
649	578	580
578	521	580
521	540	580
578	528	521
581	579	713
581	522	579
522	529	579
581	539	522
493	541	537
481	438	493
484	427	481
530	540	484
540	487	484
487	429	484
540	521	487
531	479	539
647	584	578
579	585	715
538	476	527
582	585	538
585	529	538
529	476	538
585	579	529
429	427	484
429	374	427
374	376	427
429	380	374
487	436	429
528	471	521
578	584	528
584	533	528
533	478	528
584	559	533
559	494	533
522	460	529
438	459	493
481	427	438
376	438	427
374	323	376
380	324	374
429	436	380
436	383	380
383	331	380
436	471	420
436	487	471
479	482	539
531	480	479
478	471	528
478	420	471
420	383	436
420	357	383
357	331	383
420	416	357
478	416	420
416	367	357
533	494	478
367	315	357
416	439	367
647	645	584
645	559	584
585	717	715
585	582	717
331	324	380
331	281	324
281	273	324
331	291	281
476	469	527
281	229	273
331	357	291
273	323	324
291	240	281
471	487	521
460	476	529
522	482	460
459	541	493
324	323	374
480	426	479
323	329	376
482	522	539
315	291	357
315	264	291
264	240	291
315	299	264
299	246	264
315	367	299
246	211	264
299	314	246
299	375	314
438	394	459
531	534	480
479	425	482
229	230	273
240	229	281
246	201	211
211	240	264
426	425	479
394	417	459
230	280	273
417	475	459
394	360	417
280	323	273
280	329	323
475	541	459
417	443	475
360	387	417
443	495	475
417	387	443
360	332	387
495	546	475
332	362	387
360	307	332
362	415	387
332	311	362
307	284	332
360	329	307
311	345	362
307	258	284
345	396	362
311	292	345
258	228	284
396	415	362
292	330	345
228	263	284
330	381	345
292	285	330
263	311	284
381	396	345
285	322	330
311	332	284
263	292	311
322	373	330
285	275	322
263	244	292
373	381	330
275	320	322
244	285	292
373	422	381
320	370	322
244	237	285
422	435	381
370	373	322
320	372	370
237	275	285
435	396	381
372	413	370
320	326	372
435	449	396
413	414	370
372	421	413
326	379	372
449	415	396
414	373	370
421	466	413
379	421	372
449	470	415
414	422	373
466	463	413
379	437	421
470	443	415
414	465	422
463	414	413
437	486	421
470	495	443
465	472	422
463	465	414
486	466	421
472	435	422
465	507	472
486	549	466
472	488	435
507	517	472
465	501	507
488	449	435
472	517	488
501	556	507
501	550	556
517	554	488
415	443	387
258	208	228
208	183	228
258	232	208
183	212	228
208	164	183
232	187	208
212	263	228
183	173	212
164	144	183
187	164	208
173	205	212
164	126	144
205	244	212
173	163	205
126	110	144
244	263	212
163	193	205
110	134	144
193	237	205
134	173	144
237	244	205
193	231	237
173	183	144
231	275	237
231	278	275
278	320	275
231	238	278
278	326	320
238	288	278
278	288	326
288	338	326
338	379	326
288	298	338
338	390	379
298	353	338
390	437	379
338	353	390
390	452	437
353	426	390
452	491	437
390	426	452
491	486	437
452	534	491
534	545	491
491	545	486
163	161	193
161	192	193
163	129	161
192	231	193
129	128	161
192	238	231
128	162	161
192	206	238
162	192	161
206	249	238
192	162	206
249	288	238
206	214	249
162	174	206
214	266	249
174	214	206
162	133	174
266	298	249
174	186	214
133	149	174
298	288	249
186	235	214
149	186	174
235	266	214
149	166	186
235	290	266
166	213	186
290	318	266
235	265	290
213	235	186
318	298	266
265	317	290
318	353	298
317	359	290
318	378	353
359	318	290
317	377	359
378	426	353
378	425	426
378	359	425
359	378	318
377	431	359
128	133	162
128	100	133
100	111	133
128	97	100
111	149	133
97	70	100
111	131	149
70	80	100
97	73	70
131	166	149
80	111	100
73	49	70
131	157	166
49	52	70
73	54	49
157	203	166
52	80	70
54	36	49
203	213	166
52	67	80
36	35	49
203	247	213
67	93	80
35	52	49
247	265	213
93	111	80
35	40	52
265	235	213
93	131	111
40	67	52
93	116	131
40	65	67
116	157	131
116	153	157
153	189	157
116	94	136
189	203	157
189	236	203
236	247	203
189	241	236
236	289	247
289	297	247
236	293	289
297	265	247
289	341	297
297	317	265
341	352	297
297	352	317
341	393	352
352	377	317
393	409	352
341	407	393
352	409	377
409	460	377
35	18	40
289	347	341
258	280	232
280	230	232
230	187	232
126	91	110
91	81	110
126	113	91
81	101	110
91	66	81
113	86	91
101	134	110
91	86	66
101	129	134
86	59	66
129	163	134
101	97	129
59	43	66
163	173	134
97	128	129
43	54	66
54	81	66
43	36	54
54	73	81
43	25	36
73	101	81
25	22	36
73	97	101
22	35	36
22	18	35
126	151	113
151	138	113
126	164	151
138	105	113
164	187	151
138	137	105
187	180	151
138	175	137
180	138	151
175	178	137
180	175	138
178	145	137
180	229	175
145	106	137
106	105	137
145	118	106
106	79	105
79	86	105
106	88	79
86	113	105
88	57	79
57	59	79
88	72	57
88	118	72
59	86	79
25	12	22
25	23	12
175	240	211
393	476	409
57	37	59
37	43	59
57	44	37
37	25	43
37	23	25
178	201	145
329	394	376
201	178	211
178	175	211
465	463	501
463	503	501
503	550	501
503	549	550
463	466	503
466	549	503
425	431	482
431	460	482
425	359	431
377	460	431
93	89	116
89	94	116
93	67	89
67	65	89
153	185	189
153	136	185
153	116	136
480	452	426
480	534	452
307	280	258
229	180	230
187	230	180
438	376	394
449	498	470
498	551	470
449	488	498
488	554	498
394	329	360
246	262	201
246	314	262
507	553	517
553	589	517
507	556	553
106	118	88
470	551	495
118	145	171
240	175	229
280	307	329
171	201	219
201	262	219
57	72	44
241	189	185
498	554	551
94	89	65
476	393	469
37	44	23
293	236	241
65	40	32
416	494	439
409	476	460
643	559	645
347	289	293
40	18	32
407	341	347
201	171	145
555	495	551
555	546	495
12	7	22
375	367	439
375	299	367
478	494	416
22	7	18
469	393	407
545	549	486
554	517	589
546	541	475
309	274	282
283	277	310
339	306	309
282	257	252
253	251	283
310	308	340
252	221	222
223	227	253
368	336	339
340	335	369
398	363	368
222	204	194
195	198	223
369	364	399
428	392	398
194	172	167
168	176	195
399	391	430
457	423	428
167	152	142
143	148	168
430	424	458
489	453	457
142	127	119
120	125	143
458	448	490
513	485	489
119	104	95
96	103	120
490	483	514
547	505	513
95	82	74
75	85	96
514	504	548
570	543	547
548	544	571
274	257	282
274	255	257
309	306	274
306	255	274
277	308	310
277	286	308
283	251	277
251	226	277
257	221	252
257	255	221
253	227	251
227	226	251
339	336	306
336	312	306
308	335	340
308	286	335
221	204	222
221	191	204
223	198	227
198	226	227
368	363	336
363	312	336
335	364	369
335	344	364
74	64	55
56	63	75
204	172	194
204	191	172
195	176	198
176	169	198
398	392	363
392	371	363
364	391	399
364	344	391
172	152	167
172	146	152
168	148	176
148	169	176
640	568	570
571	569	641
428	423	392
423	371	392
391	424	430
391	402	424
152	127	142
152	146	127
143	125	148
125	124	148
457	453	423
453	432	423
424	448	458
424	402	448
55	47	38
39	48	56
642	644	640
641	720	721
127	104	119
127	107	104
448	483	490
448	450	483
489	485	453
485	432	453
120	103	125
103	124	125
38	33	26
27	31	39
513	505	485
505	492	485
483	504	514
483	450	504
104	82	95
104	107	82
96	85	103
85	87	103
694	617	692
672	602	670
696	598	694
670	616	668
547	543	505
543	492	505
504	544	548
504	512	544
698	614	696
692	604	690
674	618	672
668	597	666
82	64	74
82	71	64
75	63	85
63	87	85
690	603	688
676	620	674
26	20	13
14	21	27
700	594	698
688	600	686
678	599	676
666	611	664
570	568	543
568	552	543
544	569	571
544	512	565
702	610	700
664	590	662
64	47	55
64	71	47
56	48	63
48	50	63
686	596	684
680	595	678
13	10	3
4	11	14
704	588	702
662	607	660
640	644	568
569	720	641
706	606	704
684	593	682
682	560	680
660	583	658
47	33	38
47	42	33
39	31	48
31	50	48
3	5	1
1	6	4
708	577	706
658	576	656
33	20	26
33	42	20
27	21	31
21	28	31
710	575	708
656	574	654
617	604	692
617	542	604
694	598	617
598	542	617
602	616	670
602	523	616
672	618	602
618	526	602
696	614	598
614	520	598
616	597	668
616	523	597
604	603	690
604	542	603
674	620	618
620	526	618
698	594	614
594	520	614
597	611	666
597	519	611
603	600	688
603	532	600
676	599	620
599	526	620
20	10	13
20	24	10
14	11	21
11	28	21
700	610	594
610	518	594
611	590	664
611	519	590
712	573	710
654	572	652
600	596	686
600	532	596
678	595	599
595	525	599
702	588	610
588	518	610
590	607	662
590	516	607
596	593	684
596	524	593
680	560	595
560	525	595
704	606	588
606	515	588
607	583	660
607	516	583
10	5	3
10	24	15
4	6	11
6	19	11
226	286	277
312	255	306
221	255	191
714	567	712
652	566	650
335	286	344
169	226	198
682	593	560
593	524	560
706	577	606
577	515	606
583	576	658
583	508	576
371	312	363
172	191	146
391	344	402
5	6	1
5	15	6
708	575	577
575	511	577
576	574	656
576	508	574
124	169	148
716	562	714
650	561	648
432	371	423
127	146	107
448	402	450
710	573	575
573	511	575
574	572	654
574	506	572
492	432	485
87	124	103
718	564	716
648	563	646
712	567	573
567	502	573
572	566	652
572	506	566
504	450	512
82	107	71
552	492	543
568	644	552
50	87	63
47	71	42
28	50	31
520	542	598
526	523	602
597	523	519
603	542	532
20	42	24
525	526	599
518	520	594
590	519	516
596	532	524
19	28	11
515	518	588
720	565	718
566	561	650
566	499	561
646	552	644
714	562	567
562	500	567
583	516	508
511	515	577
574	508	506
226	242	286
255	218	191
502	511	573
567	500	502
500	447	502
447	456	502
500	455	447
499	509	561
566	506	499
562	510	500
169	196	226
312	268	255
191	177	146
569	565	720
569	544	565
512	564	565
564	718	565
716	564	562
564	510	562
564	512	510
561	563	648
561	509	563
509	552	563
552	646	563
286	295	344
124	155	169
371	321	312
512	450	510
146	135	107
456	511	502
447	388	456
455	389	447
500	510	455
510	450	455
344	350	402
242	295	286
242	272	295
272	333	295
242	216	272
226	196	242
196	216	242
196	155	216
196	169	155
218	177	191
218	207	177
207	159	177
218	261	207
255	268	218
268	261	218
268	321	261
268	312	321
499	451	509
177	135	146
177	159	135
159	117	135
117	107	135
159	154	117
295	350	344
295	333	350
333	389	350
389	408	350
333	388	389
408	402	350
408	450	402
408	455	450
408	389	455
154	114	117
159	197	154
124	112	155
261	250	207
371	384	321
207	197	159
207	250	197
272	316	333
216	260	272
388	403	456
389	388	447
451	492	509
499	446	451
114	83	117
154	156	114
197	202	154
112	141	155
384	356	321
124	87	112
87	78	112
78	109	112
87	50	78
50	53	78
53	90	78
50	28	53
28	41	53
41	68	53
28	19	41
109	141	112
109	150	141
150	184	141
109	115	150
90	109	78
90	115	109
90	68	115
90	53	68
150	200	184
184	216	141
115	160	150
41	60	68
261	305	250
371	432	384
432	451	384
316	388	333
260	316	272
200	239	184
160	200	150
216	184	260
115	130	160
403	511	456
388	316	403
60	92	68
41	34	60
446	356	451
141	216	155
115	68	130
156	122	114
261	321	305
83	71	117
202	156	154
356	305	321
200	259	239
499	506	446
305	304	250
239	260	184
114	84	83
197	245	202
384	451	356
130	181	160
92	130	68
92	132	130
132	181	130
92	98	132
98	139	132
92	60	98
139	182	132
98	108	139
122	84	114
245	256	202
98	69	108
256	209	202
69	84	108
98	60	69
209	156	202
304	245	250
245	197	250
139	190	182
190	234	182
139	158	190
234	225	182
190	254	234
139	108	158
234	287	225
254	296	234
287	279	225
234	296	287
279	220	225
296	348	287
220	181	225
220	160	181
279	276	220
348	343	287
276	224	220
279	337	276
343	279	287
224	160	220
337	342	276
342	259	276
337	401	342
401	406	342
337	400	401
406	346	342
401	464	406
400	461	401
346	259	342
464	518	406
401	461	464
461	520	464
520	518	464
158	210	190
210	254	190
158	179	210
179	233	210
158	122	179
233	270	210
179	209	233
209	269	233
269	302	233
209	256	269
256	313	269
313	334	269
256	294	313
334	302	269
334	365	302
365	325	302
334	405	365
313	382	334
294	361	313
256	245	294
245	304	294
304	351	294
325	270	302
325	254	270
270	233	302
365	395	325
405	440	365
334	382	405
382	454	405
454	477	405
382	433	454
477	440	405
477	523	440
454	519	477
454	516	519
433	516	454
382	361	433
361	419	433
419	516	433
361	351	419
313	361	382
395	358	325
365	440	395
351	410	419
361	294	351
304	305	349
358	254	325
395	434	358
410	508	419
351	349	410
270	254	210
434	397	358
349	446	410
397	296	358
434	468	397
468	442	397
434	525	468
442	348	397
468	524	442
225	181	182
276	259	224
259	200	224
200	160	224
34	69	60
84	51	83
51	42	83
51	24	42
84	58	51
58	24	51
84	69	58
69	34	58
343	337	279
343	400	337
343	404	400
404	462	400
343	348	404
462	461	400
404	442	462
404	348	442
462	542	461
259	303	239
303	260	239
259	346	303
346	366	303
366	319	303
346	418	366
319	260	303
366	403	319
418	441	366
346	406	418
406	518	418
441	403	366
441	511	403
418	515	441
156	179	122
395	467	434
467	525	434
395	440	467
182	181	132
351	304	349
305	356	349
41	19	34
19	15	34
19	6	15
5	10	15
24	58	15
34	15	58
296	397	348
254	358	296
108	122	158
542	520	461
122	108	84
107	117	71
209	179	156
492	451	432
260	319	316
319	403	316
71	83	42
519	523	477
523	526	440
552	509	492
440	526	467
526	525	467
468	560	524
542	462	532
462	442	532
532	442	524
515	511	441
515	418	518
356	446	349
516	419	508
560	468	525
508	410	506
506	410	446
1111	1148	1142
1140	1146	1110
1081	1120	1111
1142	1164	1169
1168	1175	1140
1110	1115	1080
1054	1092	1081
1169	1198	1196
1195	1193	1168
1080	1096	1053
1024	1062	1054
1196	1216	1221
1220	1223	1195
1053	1063	1023
995	1035	1024
1221	1243	1244
1242	1240	1220
1023	1036	993
965	1009	995
1244	1261	1268
1267	1264	1242
993	1008	964
935	978	965
964	977	933
906	952	935
1268	1287	1289
1288	1286	1267
933	951	905
1289	1301	1308
1307	1302	1288
874	918	906
1308	1318	1325
1324	1317	1307
905	919	873
850	890	874
873	889	849
1148	1164	1142
1148	1178	1164
1111	1120	1148
1120	1178	1148
1146	1115	1110
1146	1144	1115
1140	1175	1146
1175	1192	1146
1164	1198	1169
1164	1178	1198
1168	1193	1175
1193	1192	1175
1081	1092	1120
1092	1122	1120
1115	1096	1080
1115	1144	1096
1198	1216	1196
1198	1227	1216
1195	1223	1193
1223	1192	1193
1054	1062	1092
1062	1122	1092
1096	1063	1053
1096	1101	1063
1325	1333	1337
1336	1334	1324
1216	1243	1221
1216	1227	1243
1220	1240	1223
1240	1245	1223
1024	1035	1062
1035	1070	1062
1063	1036	1023
1063	1101	1036
816	867	850
849	866	815
1243	1261	1244
1243	1269	1261
1036	1008	993
1036	1048	1008
995	1009	1035
1009	1070	1035
1242	1264	1240
1264	1245	1240
965	978	1009
978	1016	1009
1008	977	964
1008	1048	977
1349	1346	1336
1267	1286	1264
1286	1291	1264
1337	1347	1350
1261	1287	1268
1261	1269	1287
672	725	674
674	724	676
688	726	690
690	736	692
670	739	672
692	727	694
676	732	678
686	733	688
793	828	816
815	827	792
668	740	670
694	741	696
935	952	978
952	1016	978
977	951	933
977	988	951
1287	1301	1289
1287	1298	1301
1288	1302	1286
1302	1291	1286
666	744	668
678	734	680
684	735	686
696	730	698
1350	1355	1360
1359	1354	1349
906	918	952
918	956	952
951	919	905
951	988	919
723	806	793
792	805	722
1301	1318	1308
1301	1298	1318
1307	1317	1302
1317	1319	1302
664	731	666
698	748	700
680	774	682
682	738	684
874	890	918
890	956	918
919	889	873
919	924	889
1362	1361	1359
1360	1356	1362
662	754	664
700	755	702
1318	1333	1325
1318	1331	1333
1324	1334	1317
1334	1319	1317
721	729	723
722	728	642
850	867	890
867	894	890
889	866	849
889	924	866
660	737	662
702	758	704
1333	1347	1337
1333	1331	1347
1336	1346	1334
1346	1340	1334
816	828	867
828	894	867
866	827	815
866	869	827
658	762	660
704	742	706
1349	1354	1346
1354	1340	1346
1347	1355	1350
1347	1345	1355
725	724	674
725	812	724
672	739	725
739	812	725
736	727	692
736	813	727
690	726	736
726	807	736
724	732	676
724	812	732
688	733	726
733	807	726
670	740	739
740	808	739
727	741	694
727	813	741
793	806	828
806	837	828
827	805	792
827	869	805
732	734	678
732	809	734
686	735	733
735	807	733
668	744	740
744	808	740
741	730	696
741	814	730
734	774	680
734	809	774
684	738	735
738	810	735
656	771	658
730	748	698
730	814	748
706	772	708
666	731	744
731	817	744
1355	1356	1360
1355	1345	1356
1359	1361	1354
1361	1351	1354
805	728	722
805	804	728
723	729	806
729	782	806
664	754	731
754	817	731
748	755	700
748	818	755
774	738	682
774	810	738
1362	1356	1361
1356	1351	1361
654	776	656
708	777	710
662	737	754
737	821	754
755	758	702
755	818	758
721	720	729
720	782	729
728	644	642
728	804	644
660	762	737
762	821	737
758	742	704
758	830	742
652	750	654
710	751	712
1192	1144	1146
1122	1178	1120
1198	1178	1227
1096	1144	1101
1245	1192	1223
658	771	762
771	826	762
742	772	706
742	830	772
1070	1122	1062
1243	1227	1269
1036	1101	1048
1291	1245	1264
650	781	652
1016	1070	1009
1287	1269	1298
712	783	714
977	1048	988
1319	1291	1302
956	1016	952
1318	1298	1331
919	988	924
1340	1319	1334
656	776	771
776	832	771
772	777	708
772	833	777
807	813	736
894	956	890
1347	1331	1345
732	812	809
808	812	739
741	813	814
810	807	735
866	924	869
1351	1340	1354
817	808	744
837	894	828
748	814	818
821	817	754
805	869	804
758	818	830
782	837	806
720	718	782
826	821	762
771	832	826
832	882	826
882	870	826
832	879	882
776	823	832
833	824	777
772	830	833
654	750	776
750	823	776
750	781	823
750	652	781
777	751	710
777	824	751
824	783	751
783	712	751
648	784	650
714	785	716
782	825	837
650	784	781
784	841	781
841	823	781
784	834	841
783	785	714
783	842	785
842	835	785
783	824	842
870	821	826
882	925	870
879	936	882
832	823	879
823	876	879
876	934	879
823	841	876
833	884	824
648	778	784
785	779	716
825	887	837
782	779	825
779	835	825
835	887	825
779	785	835
934	936	879
934	989	936
989	987	936
934	983	989
876	927	934
834	892	841
784	778	834
778	829	834
829	885	834
778	804	829
804	869	829
842	903	835
925	904	870
882	936	925
987	925	936
989	1040	987
983	1039	989
934	927	983
927	980	983
980	1032	983
927	892	943
927	876	892
884	881	824
833	883	884
885	892	834
885	943	892
943	980	927
943	1006	980
1006	1032	980
943	947	1006
885	947	943
947	996	1006
829	869	885
996	1049	1006
947	924	996
648	646	778
646	804	778
779	718	716
779	782	718
1032	1039	983
1032	1082	1039
1082	1090	1039
1032	1072	1082
887	894	837
1082	1134	1090
1032	1006	1072
1090	1040	1039
1072	1123	1082
892	876	841
903	887	835
842	881	903
904	821	870
1039	1040	989
883	937	884
1040	1034	987
881	842	824
1049	1072	1006
1049	1099	1072
1099	1123	1072
1049	1064	1099
1064	1116	1099
1049	996	1064
1116	1152	1099
1064	1048	1116
1064	988	1048
925	969	904
833	830	883
884	938	881
1134	1133	1090
1123	1134	1082
1116	1162	1152
1152	1123	1099
937	938	884
969	946	904
1133	1083	1090
946	888	904
969	1003	946
1083	1040	1090
1083	1034	1040
888	821	904
946	920	888
1003	976	946
920	868	888
946	976	920
1003	1031	976
868	817	888
1031	1001	976
1003	1056	1031
1001	948	976
1031	1052	1001
1056	1079	1031
1003	1034	1056
1052	1018	1001
1056	1105	1079
1018	967	1001
1052	1071	1018
1105	1135	1079
967	948	1001
1071	1033	1018
1135	1100	1079
1033	982	1018
1071	1078	1033
1100	1052	1079
982	967	1018
1078	1041	1033
1052	1031	1079
1100	1071	1052
1041	990	1033
1078	1088	1041
1100	1119	1071
990	982	1033
1088	1043	1041
1119	1078	1071
990	941	982
1043	994	1041
1119	1126	1078
941	928	982
994	990	1041
1043	991	994
1126	1088	1078
928	967	982
991	950	994
1043	1037	991
928	914	967
950	949	994
991	942	950
1037	984	991
914	948	967
949	990	994
942	897	950
984	942	991
914	893	948
949	941	990
897	900	950
984	926	942
893	920	948
949	898	941
900	949	950
926	877	942
893	868	920
898	891	941
900	898	949
877	897	942
891	928	941
898	856	891
877	814	897
891	875	928
856	846	891
898	862	856
875	914	928
891	846	875
862	807	856
862	813	807
846	809	875
948	920	976
1105	1155	1135
1155	1180	1135
1105	1131	1155
1180	1151	1135
1155	1199	1180
1131	1176	1155
1151	1100	1135
1180	1191	1151
1199	1219	1180
1176	1199	1155
1191	1158	1151
1199	1237	1219
1158	1119	1151
1191	1200	1158
1237	1253	1219
1119	1100	1151
1200	1170	1158
1253	1229	1219
1170	1126	1158
1229	1191	1219
1126	1119	1158
1170	1132	1126
1191	1180	1219
1132	1088	1126
1132	1085	1088
1085	1043	1088
1132	1125	1085
1085	1037	1043
1125	1075	1085
1085	1075	1037
1075	1025	1037
1025	984	1037
1075	1065	1025
1025	973	984
1065	1010	1025
973	926	984
1025	1010	973
973	911	926
1010	937	973
911	872	926
973	937	911
872	877	926
911	830	872
830	818	872
872	818	877
1200	1202	1170
1202	1171	1170
1200	1234	1202
1171	1132	1170
1234	1235	1202
1171	1125	1132
1235	1201	1202
1171	1157	1125
1201	1171	1202
1157	1114	1125
1171	1201	1157
1114	1075	1125
1157	1149	1114
1201	1189	1157
1149	1097	1114
1189	1149	1157
1201	1230	1189
1097	1065	1114
1189	1177	1149
1230	1214	1189
1065	1075	1114
1177	1128	1149
1214	1177	1189
1128	1097	1149
1214	1197	1177
1128	1073	1097
1197	1150	1177
1073	1045	1097
1128	1098	1073
1150	1128	1177
1045	1065	1097
1098	1046	1073
1045	1010	1065
1046	1004	1073
1045	985	1010
1004	1045	1073
1046	986	1004
985	937	1010
985	938	937
985	1004	938
1004	985	1045
986	932	1004
1235	1230	1201
1235	1263	1230
1263	1252	1230
1235	1266	1263
1252	1214	1230
1266	1293	1263
1252	1232	1214
1293	1283	1263
1266	1290	1293
1232	1197	1214
1283	1252	1263
1290	1314	1293
1232	1206	1197
1314	1311	1293
1290	1309	1314
1206	1160	1197
1311	1283	1293
1309	1327	1314
1160	1150	1197
1311	1296	1283
1327	1328	1314
1160	1117	1150
1296	1270	1283
1328	1311	1314
1117	1098	1150
1270	1252	1283
1328	1323	1311
1098	1128	1150
1270	1232	1252
1323	1296	1311
1270	1247	1232
1323	1298	1296
1247	1206	1232
1247	1210	1206
1210	1174	1206
1247	1269	1227
1174	1160	1206
1174	1127	1160
1127	1117	1160
1174	1122	1127
1127	1074	1117
1074	1066	1117
1127	1070	1074
1066	1098	1117
1074	1022	1066
1066	1046	1098
1022	1011	1066
1066	1011	1046
1022	971	1011
1011	986	1046
971	954	1011
1022	956	971
1011	954	986
954	903	986
1328	1345	1323
1074	1016	1022
1105	1083	1131
1083	1133	1131
1133	1176	1131
1237	1271	1253
1271	1282	1253
1237	1250	1271
1282	1262	1253
1271	1297	1282
1250	1277	1271
1262	1229	1253
1271	1277	1297
1262	1234	1229
1277	1304	1297
1234	1200	1229
1262	1266	1234
1304	1320	1297
1200	1191	1229
1266	1235	1234
1320	1309	1297
1309	1282	1297
1320	1327	1309
1309	1290	1282
1320	1338	1327
1290	1262	1282
1338	1341	1327
1290	1266	1262
1341	1328	1327
1341	1345	1328
1237	1212	1250
1212	1225	1250
1237	1199	1212
1225	1258	1250
1199	1176	1212
1225	1226	1258
1176	1182	1212
1225	1188	1226
1182	1225	1212
1188	1185	1226
1182	1188	1225
1185	1218	1226
1182	1134	1188
1218	1257	1226
1257	1258	1226
1218	1245	1257
1257	1284	1258
1284	1277	1258
1257	1275	1284
1277	1250	1258
1275	1306	1284
1306	1304	1284
1275	1291	1306
1275	1245	1291
1304	1277	1284
1338	1351	1341
1338	1340	1351
1188	1123	1152
971	887	954
1306	1326	1304
1326	1320	1304
1306	1319	1326
1326	1338	1320
1326	1340	1338
1185	1162	1218
1034	969	987
1162	1185	1152
1185	1188	1152
898	900	862
900	860	862
860	813	862
860	814	813
900	897	860
897	814	860
938	932	881
932	903	881
938	1004	932
986	903	932
1270	1274	1247
1274	1269	1247
1270	1296	1274
1296	1298	1274
1210	1178	1174
1210	1227	1178
1210	1247	1227
883	911	937
883	830	911
1056	1083	1105
1134	1182	1133
1176	1133	1182
925	987	969
914	865	893
865	812	893
914	875	865
875	809	865
969	1034	1003
1116	1101	1162
1116	1048	1101
856	810	846
810	774	846
856	807	810
1257	1245	1275
893	812	868
1245	1218	1192
1123	1188	1134
1083	1056	1034
1192	1162	1144
1162	1101	1144
1306	1291	1319
1122	1174	1178
865	809	812
1269	1274	1298
887	971	894
1326	1319	1340
1070	1127	1122
1298	1323	1331
947	869	924
954	887	903
644	804	646
1016	1074	1070
1323	1345	1331
956	1022	1016
1162	1192	1218
808	868	812
808	817	868
1351	1356	1341
988	996	924
988	1064	996
885	869	947
1341	1356	1345
894	971	956
818	814	877
809	846	774
817	821	888
1053	1089	1080
1081	1086	1054
1023	1057	1053
1080	1106	1110
1111	1113	1081
1054	1055	1024
1110	1141	1140
1142	1136	1111
993	1027	1023
1024	1028	995
964	1000	993
1140	1159	1168
1169	1165	1142
995	999	965
933	970	964
1168	1190	1195
1196	1187	1169
965	972	935
905	940	933
1195	1211	1220
1221	1215	1196
935	939	906
873	910	905
1220	1236	1242
1244	1238	1221
906	915	874
849	878	873
1242	1259	1267
1268	1260	1244
874	880	850
815	858	849
1267	1281	1288
1289	1278	1268
850	859	816
792	820	815
816	819	793
1089	1106	1080
1089	1108	1106
1053	1057	1089
1057	1108	1089
1086	1055	1054
1086	1077	1055
1081	1113	1086
1113	1138	1086
1106	1141	1110
1106	1108	1141
1111	1136	1113
1136	1138	1113
1023	1027	1057
1027	1051	1057
1055	1028	1024
1055	1077	1028
1141	1159	1140
1141	1172	1159
1142	1165	1136
1165	1138	1136
993	1000	1027
1000	1051	1027
1028	999	995
1028	1019	999
1288	1299	1307
1308	1300	1289
1159	1190	1168
1159	1172	1190
1169	1187	1165
1187	1194	1165
964	970	1000
970	992	1000
999	972	965
999	1019	972
1190	1211	1195
1190	1217	1211
1196	1215	1187
1215	1194	1187
722	794	792
793	795	723
933	940	970
940	992	970
972	939	935
972	961	939
1211	1236	1220
1211	1217	1236
1221	1238	1215
1238	1239	1215
905	910	940
910	931	940
939	915	906
939	961	915
1307	1316	1324
1325	1315	1308
642	643	722
723	719	721
1236	1259	1242
1236	1256	1259
915	880	874
915	913	880
873	878	910
878	931	910
1244	1260	1238
1260	1239	1238
1324	1330	1336
1337	1332	1325
849	858	878
858	871	878
880	859	850
880	913	859
1259	1281	1267
1259	1256	1281
1268	1278	1260
1278	1276	1260
693	746	691
671	761	669
695	765	693
669	747	667
815	820	858
820	871	858
859	819	816
859	851	819
697	749	695
691	759	689
673	745	671
667	766	665
1281	1299	1288
1281	1292	1299
1289	1300	1278
1300	1276	1278
689	760	687
675	743	673
1336	1342	1349
1350	1343	1337
699	769	697
687	764	685
677	763	675
665	752	663
792	794	820
794	811	820
819	795	793
819	851	798
701	753	699
663	773	661
1299	1316	1307
1299	1292	1316
1308	1315	1300
1315	1313	1300
685	768	683
679	767	677
1349	1352	1359
1360	1353	1350
703	775	701
661	756	659
722	643	794
795	719	723
705	757	703
683	770	681
681	803	679
659	780	657
1316	1330	1324
1316	1321	1330
1325	1332	1315
1332	1313	1315
1359	1357	1362
1362	1358	1360
707	787	705
657	786	655
1330	1342	1336
1330	1321	1342
1337	1343	1332
1343	1335	1332
709	789	707
655	788	653
746	759	691
746	822	759
693	765	746
765	822	746
761	747	669
761	840	747
671	745	761
745	836	761
695	749	765
749	843	765
747	766	667
747	840	766
759	760	689
759	822	760
673	743	745
743	836	745
697	769	749
769	843	749
766	752	665
766	844	752
760	764	687
760	831	764
675	763	743
763	836	743
1342	1352	1349
1342	1339	1352
1350	1353	1343
1353	1335	1343
699	753	769
753	845	769
752	773	663
752	844	773
711	791	709
653	790	651
764	768	685
764	831	768
677	767	763
767	838	763
701	775	753
775	845	753
773	756	661
773	847	756
768	770	683
768	839	770
679	803	767
803	838	767
703	757	775
757	848	775
756	780	659
756	847	780
1352	1357	1359
1352	1339	1348
1360	1358	1353
1358	1344	1353
1138	1077	1086
1051	1108	1057
1141	1108	1172
713	797	711
651	796	649
1028	1077	1019
1194	1138	1165
681	770	803
770	839	803
705	787	757
787	848	757
780	786	657
780	855	786
992	1051	1000
1190	1172	1217
972	1019	961
1357	1358	1362
1357	1348	1358
707	789	787
789	852	787
786	788	655
786	855	788
1239	1194	1215
715	802	713
649	801	647
931	992	940
1236	1217	1256
915	961	913
709	791	789
791	852	789
788	790	653
788	857	790
871	931	878
1276	1239	1260
717	800	715
647	799	645
711	797	791
797	861	791
790	796	651
790	857	796
859	913	851
1281	1256	1292
811	871	820
794	643	811
1313	1276	1300
1316	1292	1321
1335	1313	1332
843	822	765
836	840	761
766	840	844
760	822	831
1342	1321	1339
838	836	763
845	843	769
773	844	847
768	831	839
1344	1335	1353
848	845	775
719	798	717
796	801	649
796	863	801
645	811	643
713	802	797
802	864	797
780	847	855
852	848	787
788	855	857
1138	1121	1077
1108	1145	1172
861	852	791
797	864	861
864	916	861
916	907	861
864	908	916
863	853	801
796	857	863
802	854	864
1194	1167	1138
1051	1094	1108
1172	1186	1217
795	798	719
795	819	798
851	800	798
800	717	798
715	800	802
800	854	802
800	851	854
801	799	647
801	853	799
853	811	799
811	645	799
1077	1068	1019
1239	1208	1194
992	1042	1051
851	913	854
1217	1228	1256
907	852	861
916	975	907
908	974	916
864	854	908
854	913	908
1019	1013	961
1121	1068	1077
1121	1091	1068
1091	1030	1068
1121	1147	1091
1138	1167	1121
1167	1147	1121
1167	1208	1147
1167	1194	1208
1145	1186	1172
1145	1156	1186
1156	1204	1186
1145	1102	1156
1108	1094	1145
1094	1102	1145
1094	1042	1102
1094	1051	1042
863	912	853
1186	1228	1217
1186	1204	1228
1204	1246	1228
1246	1256	1228
1204	1209	1246
1068	1013	1019
1068	1030	1013
1030	974	1013
974	955	1013
1030	975	974
955	961	1013
955	913	961
955	908	913
955	974	908
1209	1249	1246
1204	1166	1209
1239	1251	1208
1102	1112	1156
992	979	1042
1156	1166	1204
1156	1112	1166
1091	1047	1030
1147	1103	1091
975	960	907
974	975	916
912	871	853
863	917	912
1249	1280	1246
1209	1207	1249
1166	1161	1209
1251	1222	1208
979	1007	1042
1239	1276	1251
1276	1285	1251
1285	1254	1251
1276	1313	1285
1313	1310	1285
1310	1273	1285
1313	1335	1310
1335	1322	1310
1322	1295	1310
1335	1344	1322
1254	1222	1251
1254	1213	1222
1213	1179	1222
1254	1248	1213
1273	1254	1285
1273	1248	1254
1273	1295	1248
1273	1310	1295
1213	1163	1179
1179	1147	1222
1248	1203	1213
1322	1303	1295
1102	1058	1112
992	931	979
931	912	979
1047	975	1030
1103	1047	1091
1163	1124	1179
1203	1163	1213
1147	1179	1103
1248	1233	1203
960	852	907
975	1047	960
1303	1272	1295
1322	1329	1303
917	1007	912
1222	1147	1208
1248	1295	1233
1207	1241	1249
1102	1042	1058
1280	1292	1246
1161	1207	1209
1007	1058	1042
1163	1104	1124
863	857	917
1058	1059	1112
1124	1103	1179
1249	1279	1280
1166	1118	1161
979	912	1007
1233	1183	1203
1272	1233	1295
1272	1231	1233
1231	1183	1233
1272	1265	1231
1265	1224	1231
1272	1303	1265
1224	1181	1231
1265	1255	1224
1241	1279	1249
1118	1107	1161
1265	1294	1255
1107	1154	1161
1294	1279	1255
1265	1303	1294
1154	1207	1161
1059	1118	1112
1118	1166	1112
1224	1173	1181
1173	1129	1181
1224	1205	1173
1129	1137	1181
1173	1109	1129
1224	1255	1205
1129	1076	1137
1109	1067	1129
1076	1084	1137
1129	1067	1076
1084	1143	1137
1067	1015	1076
1143	1183	1137
1143	1203	1183
1084	1087	1143
1015	1020	1076
1087	1139	1143
1084	1026	1087
1020	1084	1076
1139	1203	1143
1026	1021	1087
1021	1104	1087
1026	962	1021
962	957	1021
1026	963	962
957	1017	1021
962	899	957
963	902	962
1017	1104	1021
899	845	957
962	902	899
902	843	899
843	845	899
1205	1153	1173
1153	1109	1173
1205	1184	1153
1184	1130	1153
1205	1241	1184
1130	1093	1153
1184	1154	1130
1154	1095	1130
1095	1061	1130
1154	1107	1095
1107	1050	1095
1050	1029	1095
1107	1069	1050
1029	1061	1095
1029	998	1061
998	1038	1061
1029	958	998
1050	981	1029
1069	1002	1050
1107	1118	1069
1118	1059	1069
1059	1012	1069
1038	1093	1061
1038	1109	1093
1093	1130	1061
998	968	1038
958	923	998
1029	981	958
981	909	958
909	886	958
981	930	909
886	923	958
886	840	923
909	844	886
909	847	844
930	847	909
981	1002	930
1002	944	930
944	847	930
1002	1012	944
1050	1002	981
968	1005	1038
998	923	968
1012	953	944
1002	1069	1012
1059	1058	1014
1005	1109	1038
968	929	1005
953	855	944
1012	1014	953
1093	1109	1153
929	966	1005
1014	917	953
966	1067	1005
929	895	966
895	921	966
929	838	895
921	1015	966
895	839	921
1137	1183	1181
1087	1104	1139
1104	1163	1139
1163	1203	1139
1329	1294	1303
1279	1312	1280
1312	1321	1280
1312	1339	1321
1279	1305	1312
1305	1339	1312
1279	1294	1305
1294	1329	1305
1020	1026	1084
1020	963	1026
1020	959	963
959	901	963
1020	1015	959
901	902	963
959	921	901
959	1015	921
901	822	902
1104	1060	1124
1060	1103	1124
1104	1017	1060
1017	997	1060
997	1044	1060
1017	945	997
1044	1103	1060
997	960	1044
945	922	997
1017	957	945
957	845	945
922	960	997
922	852	960
945	848	922
1207	1184	1241
968	896	929
896	838	929
968	923	896
1181	1183	1231
1012	1059	1014
1058	1007	1014
1322	1344	1329
1344	1348	1329
1344	1358	1348
1357	1352	1348
1339	1305	1348
1329	1348	1305
1067	966	1015
1109	1005	1067
1255	1241	1205
822	843	902
1241	1255	1279
1256	1246	1292
1154	1184	1207
871	912	931
1103	1044	1047
1044	960	1047
1292	1280	1321
844	840	886
840	836	923
811	853	871
923	836	896
836	838	896
895	803	839
822	901	831
901	921	831
831	921	839
848	852	922
848	945	845
1007	917	1014
847	944	855
803	895	838
855	953	857
857	953	917
